706
-343.0
-343.0
-343.0
-343.0
-373.0
-373.0
-373.0
-373.0
-373.0
-365.0
-365.0
-365.0
-365.0
-365.0
-366.0
-366.0
-366.0
-366.0
-366.0
-366.0
-343.0
-343.0
-343.0
-343.0
-343.0
-365.0
-365.0
-365.0
-365.0
-365.0
-365.0
-365.0
-365.0
-365.0
-365.0
-365.0
-380.0
-380.0
-380.0
-380.0
-380.0
-367.0
-367.0
-367.0
-367.0
-367.0
-386.0
-386.0
-386.0
-386.0
-386.0
-386.0
-371.0
-371.0
-371.0
-371.0
-371.0
-360.0
-360.0
-360.0
-360.0
-360.0
-363.0
-363.0
-363.0
-363.0
-363.0
-376.0
-376.0
-376.0
-376.0
-376.0
-376.0
-376.0
-376.0
-376.0
-376.0
-376.0
-390.0
-390.0
-390.0
-390.0
-390.0
-390.0
-390.0
-390.0
-390.0
-390.0
-354.0
-354.0
-354.0
-354.0
-354.0
-354.0
-347.0
-347.0
-347.0
-347.0
-347.0
-358.0
-358.0
-358.0
-358.0
-358.0
-350.0
-350.0
-350.0
-350.0
-350.0
-392.0
-392.0
-392.0
-392.0
-392.0
-392.0
-408.0
-408.0
-408.0
-408.0
-408.0
-342.0
-342.0
-342.0
-342.0
-342.0
-344.0
-344.0
-344.0
-344.0
-344.0
-383.0
-383.0
-383.0
-383.0
-383.0
-383.0
-364.0
-364.0
-364.0
-364.0
-364.0
-342.0
-342.0
-342.0
-342.0
-342.0
-352.0
-352.0
-352.0
-352.0
-352.0
-352.0
-322.0
-322.0
-322.0
-322.0
-322.0
-405.0
-405.0
-405.0
-405.0
-405.0
-394.0
-394.0
-394.0
-394.0
-394.0
-386.0
-386.0
-386.0
-386.0
-386.0
-386.0
-365.0
-365.0
-365.0
-365.0
-365.0
-347.0
-347.0
-347.0
-347.0
-347.0
-332.0
-332.0
-332.0
-332.0
-332.0
-362.0
-362.0
-362.0
-362.0
-362.0
-362.0
-385.0
-385.0
-385.0
-385.0
-385.0
-364.0
-364.0
-364.0
-364.0
-364.0
-354.0
-354.0
-354.0
-354.0
-354.0
-343.0
-343.0
-343.0
-343.0
-343.0
-325.0
-325.0
-325.0
-325.0
-325.0
-370.0
-370.0
-370.0
-370.0
-370.0
-370.0
-366.0
-366.0
-366.0
-366.0
-366.0
-361.0
-361.0
-361.0
-361.0
-361.0
-337.0
-337.0
-337.0
-337.0
-337.0
-356.0
-356.0
-356.0
-356.0
-356.0
-356.0
-375.0
-375.0
-375.0
-375.0
-375.0
-366.0
-366.0
-366.0
-366.0
-366.0
-337.0
-337.0
-337.0
-337.0
-337.0
-382.0
-382.0
-382.0
-382.0
-382.0
-416.0
-416.0
-416.0
-416.0
-416.0
-416.0
-362.0
-362.0
-362.0
-362.0
-362.0
-329.0
-329.0
-329.0
-329.0
-329.0
-353.0
-353.0
-353.0
-353.0
-353.0
-393.0
-393.0
-393.0
-393.0
-393.0
-393.0
-320.0
-320.0
-320.0
-320.0
-320.0
-356.0
-356.0
-356.0
-356.0
-356.0
-373.0
-373.0
-373.0
-373.0
-373.0
-351.0
-351.0
-351.0
-351.0
-351.0
-351.0
-361.0
-361.0
-361.0
-361.0
-361.0
-377.0
-377.0
-377.0
-377.0
-377.0
-345.0
-345.0
-345.0
-345.0
-345.0
-375.0
-375.0
-375.0
-375.0
-375.0
-347.0
-347.0
-347.0
-347.0
-347.0
-347.0
-332.0
-332.0
-332.0
-332.0
-332.0
-351.0
-351.0
-351.0
-351.0
-351.0
-366.0
-366.0
-366.0
-366.0
-366.0
-375.0
-375.0
-375.0
-375.0
-375.0
-375.0
-354.0
-354.0
-354.0
-354.0
-354.0
-353.0
-353.0
-353.0
-353.0
-353.0
-337.0
-337.0
-337.0
-337.0
-337.0
-354.0
-354.0
-354.0
-354.0
-354.0
-354.0
-351.0
-351.0
-351.0
-351.0
-351.0
-356.0
-356.0
-356.0
-356.0
-356.0
-399.0
-399.0
-399.0
-399.0
-399.0
-353.0
-353.0
-353.0
-353.0
-353.0
-353.0
-352.0
-352.0
-352.0
-352.0
-352.0
-343.0
-343.0
-343.0
-343.0
-343.0
-381.0
-381.0
-381.0
-381.0
-381.0
-334.0
-334.0
-334.0
-334.0
-334.0
-334.0
-376.0
-376.0
-376.0
-376.0
-376.0
-365.0
-365.0
-365.0
-365.0
-365.0
-394.0
-394.0
-394.0
-394.0
-394.0
-337.0
-337.0
-337.0
-337.0
-337.0
-337.0
-364.0
-364.0
-364.0
-364.0
-364.0
-356.0
-356.0
-356.0
-356.0
-356.0
-358.0
-358.0
-358.0
-358.0
-358.0
-312.0
-312.0
-312.0
-312.0
-312.0
-312.0
-359.0
-359.0
-359.0
-359.0
-359.0
-365.0
-365.0
-365.0
-365.0
-365.0
-338.0
-338.0
-338.0
-338.0
-338.0
-383.0
-383.0
-383.0
-383.0
-383.0
-383.0
-358.0
-358.0
-358.0
-358.0
-358.0
-342.0
-342.0
-342.0
-342.0
-342.0
-315.0
-315.0
-315.0
-315.0
-315.0
-391.0
-391.0
-391.0
-391.0
-391.0
-357.0
-357.0
-357.0
-357.0
-357.0
-357.0
-373.0
-373.0
-373.0
-373.0
-373.0
-383.0
-383.0
-383.0
-383.0
-383.0
-364.0
-364.0
-364.0
-364.0
-364.0
-353.0
-353.0
-353.0
-353.0
-353.0
-353.0
-375.0
-375.0
-375.0
-375.0
-375.0
-355.0
-355.0
-355.0
-355.0
-355.0
-364.0
-364.0
-364.0
-364.0
-364.0
-316.0
-316.0
-316.0
-316.0
-316.0
-316.0
-357.0
-357.0
-357.0
-357.0
-357.0
-388.0
-388.0
-388.0
-388.0
-388.0
-376.0
-376.0
-376.0
-376.0
-376.0
-382.0
-382.0
-382.0
-382.0
-382.0
-382.0
-371.0
-371.0
-371.0
-371.0
-371.0
-352.0
-352.0
-352.0
-352.0
-352.0
-369.0
-369.0
-369.0
-369.0
-369.0
-372.0
-372.0
-372.0
-372.0
-372.0
-372.0
-354.0
-354.0
-354.0
-354.0
-354.0
-375.0
-375.0
-375.0
-375.0
-375.0
-376.0
-376.0
-376.0
-376.0
-376.0
-376.0
-356.0
-356.0
-356.0
-356.0
-356.0
-340.0
-340.0
-340.0
-340.0
-340.0
-322.0
-322.0
-322.0
-322.0
-322.0
-382.0
-382.0
-382.0
-382.0
-382.0
-386.0
-386.0
-386.0
-386.0
-386.0
-386.0
-381.0
-381.0
-381.0
-381.0
-381.0
-381.0
-381.0
-381.0
-381.0
-381.0
-401.0
-401.0
-401.0
-401.0
-401.0
-393.0
-393.0
-393.0
-393.0
-393.0
-393.0
-336.0
-336.0
-336.0
-336.0
-336.0
-358.0
-358.0
-358.0
-358.0
-358.0
-368.0
-368.0
-368.0
-368.0
-368.0
-369.0
-369.0
-369.0
-369.0
-369.0
-369.0
-365.0
-365.0
-365.0
-365.0
-365.0
-395.0
-395.0
-395.0
-395.0
-395.0
-401.0
-401.0
-401.0
-401.0
-401.0
-401.0
-396.0
-396.0
-396.0
-396.0
-396.0
-362.0
-362.0
-362.0
-362.0
-362.0
-378.0
-378.0
-378.0
-378.0
-378.0
-409.0
-409.0
-409.0
-409.0
-409.0
-409.0
-351.0
-351.0
-351.0
-351.0
-351.0
-336.0
-336.0
-336.0
-336.0
-336.0
-344.0
-344.0
-344.0
-344.0
-344.0
-400.0
-400.0
-400.0
-400.0
-400.0
-400.0
-368.0
-368.0
-368.0
-368.0
-368.0
-356.0
-356.0
-356.0
-356.0
-356.0
-386.0
-386.0
-386.0
-386.0
-386.0
-372.0
-372.0
-372.0
-372.0
-372.0
-372.0
-366.0
-366.0
-366.0
-366.0
-366.0
-380.0
-380.0
-380.0
-380.0
-380.0
-414.0
-414.0
-414.0
-414.0
-414.0
-354.0
-354.0
-354.0
-354.0
-354.0
-364.0
-364.0
-364.0
-364.0
-364.0
-364.0
-376.0
-376.0
-376.0
-376.0
-376.0
-385.0
-385.0
-385.0
-385.0
-385.0
-383.0
-383.0
-383.0
-383.0
-383.0
-383.0
-361.0
-361.0
-361.0
-361.0
-361.0
-393.0
-393.0
-393.0
-393.0
-393.0
-363.0
-363.0
-363.0
-363.0
-363.0
-372.0
-372.0
-372.0
-372.0
-372.0
-372.0
-349.0
-349.0
-349.0
-349.0
-349.0
-381.0
-381.0
-381.0
-381.0
-381.0
-386.0
-386.0
-386.0
-386.0
-386.0
-376.0
-376.0
-376.0
-376.0
-376.0
-376.0
-353.0
-353.0
-353.0
-353.0
-353.0
-370.0
-370.0
-370.0
-370.0
-370.0
-349.0
-349.0
-349.0
-349.0
-349.0
-367.0
-367.0
-367.0
-367.0
-367.0
-367.0
-383.0
-383.0
-383.0
-383.0
-383.0
-355.0
-355.0
-355.0
-355.0
-355.0
-376.0
-376.0
-376.0
-376.0
-376.0
-364.0
-364.0
-364.0
-364.0
-364.0
-364.0
-359.0
-359.0
-359.0
-359.0
-359.0
-369.0
-369.0
-369.0
-369.0
-369.0
-357.0
-357.0
-357.0
-357.0
-357.0
-380.0
-380.0
-380.0
-380.0
-380.0
-380.0
-347.0
-347.0
-347.0
-347.0
-347.0
-381.0
-381.0
-381.0
-381.0
-381.0
-387.0
-387.0
-387.0
-387.0
-387.0
-389.0
-389.0
-389.0
-389.0
-389.0
-389.0
-355.0
-355.0
-355.0
-355.0
-355.0
-358.0
-358.0
-358.0
-358.0
-358.0
-377.0
-377.0
-377.0
-377.0
-377.0
-377.0
-357.0
-357.0
-357.0
-357.0
-357.0
-361.0
-361.0
-361.0
-361.0
-361.0
-370.0
-370.0
-370.0
-370.0
-370.0
-356.0
-356.0
-356.0
-356.0
-356.0
-348.0
-348.0
-348.0
-348.0
-348.0
-364.0
-364.0
-364.0
-364.0
-364.0
-364.0
-331.0
-331.0
-331.0
-331.0
-331.0
-380.0
-380.0
-380.0
-380.0
-380.0
-381.0
-381.0
-381.0
-381.0
-381.0
-363.0
-363.0
-363.0
-363.0
-363.0
-363.0
-368.0
-368.0
-368.0
-368.0
-368.0
-383.0
-383.0
-383.0
-383.0
-383.0
-375.0
-375.0
-375.0
-375.0
-375.0
-360.0
-360.0
-360.0
-360.0
-360.0
-360.0
-359.0
-359.0
-359.0
-359.0
-359.0
-377.0
-377.0
-377.0
-377.0
-377.0
-347.0
-347.0
-347.0
-347.0
-347.0
-374.0
-374.0
-374.0
-374.0
-374.0
-374.0
-379.0
-379.0
-379.0
-379.0
-379.0
-363.0
-363.0
-363.0
-363.0
-363.0
-348.0
-348.0
-348.0
-348.0
-348.0
-337.0
-337.0
-337.0
-337.0
-337.0
-337.0
-381.0
-381.0
-381.0
-381.0
-381.0
-357.0
-357.0
-357.0
-357.0
-357.0
-371.0
-371.0
-371.0
-371.0
-371.0
-349.0
-349.0
-349.0
-349.0
-349.0
-349.0
-361.0
-361.0
-361.0
-361.0
-361.0
-352.0
-352.0
-352.0
-352.0
-352.0
-382.0
-382.0
-382.0
-382.0
-382.0
-349.0
-349.0
-349.0
-349.0
-349.0
-349.0
-367.0
-367.0
-367.0
-367.0
-367.0
-367.0
-367.0
-367.0
-367.0
-367.0
-341.0
-341.0
-341.0
-341.0
-341.0
-354.0
-354.0
-354.0
-354.0
-354.0
-354.0
-391.0
-391.0
-391.0
-391.0
-391.0
-376.0
-376.0
-376.0
-376.0
-376.0
-347.0
-347.0
-347.0
-347.0
-347.0
-381.0
-381.0
-381.0
-381.0
-381.0
-381.0
-376.0
-376.0
-376.0
-376.0
-376.0
-343.0
-343.0
-343.0
-343.0
-343.0
-377.0
-377.0
-377.0
-377.0
-377.0
-354.0
-354.0
-354.0
-354.0
-354.0
-354.0
-376.0
-376.0
-376.0
-376.0
-376.0
-332.0
-332.0
-332.0
-332.0
-332.0
-335.0
-335.0
-335.0
-335.0
-335.0
-357.0
-357.0
-357.0
-357.0
-357.0
-378.0
-378.0
-378.0
-378.0
-378.0
-378.0
-341.0
-341.0
-341.0
-341.0
-341.0
-357.0
-357.0
-357.0
-357.0
-357.0
-365.0
-365.0
-365.0
-365.0
-365.0
-362.0
-362.0
-362.0
-362.0
-362.0
-362.0
-357.0
-357.0
-357.0
-357.0
-357.0
-387.0
-387.0
-387.0
-387.0
-387.0
-361.0
-361.0
-361.0
-361.0
-361.0
-370.0
-370.0
-370.0
-370.0
-370.0
-370.0
-367.0
-367.0
-367.0
-367.0
-367.0
-338.0
-338.0
-338.0
-338.0
-338.0
-380.0
-380.0
-380.0
-380.0
-380.0
-387.0
-387.0
-387.0
-387.0
-387.0
-387.0
-384.0
-384.0
-384.0
-384.0
-384.0
-316.0
-316.0
-316.0
-316.0
-316.0
-380.0
-380.0
-380.0
-380.0
-380.0
-354.0
-354.0
-354.0
-354.0
-354.0
-335.0
-335.0
-335.0
-335.0
-335.0
-335.0
-359.0
-359.0
-359.0
-359.0
-359.0
-367.0
-367.0
-367.0
-367.0
-367.0
-363.0
-363.0
-363.0
-363.0
-363.0
-334.0
-334.0
-334.0
-334.0
-334.0
-334.0
-325.0
-325.0
-325.0
-325.0
-325.0
-346.0
-346.0
-346.0
-346.0
-346.0
-359.0
-359.0
-359.0
-359.0
-359.0
-336.0
-336.0
-336.0
-336.0
-336.0
-336.0
-365.0
-365.0
-365.0
-365.0
-365.0
-356.0
-356.0
-356.0
-356.0
-356.0
-391.0
-391.0
-391.0
-391.0
-391.0
-350.0
-350.0
-350.0
-350.0
-350.0
-350.0
-364.0
-364.0
-364.0
-364.0
-364.0
-386.0
-386.0
-386.0
-386.0
-386.0
-392.0
-392.0
-392.0
-392.0
-392.0
-392.0
-360.0
-360.0
-360.0
-360.0
-360.0
-329.0
-329.0
-329.0
-329.0
-329.0
-384.0
-384.0
-384.0
-384.0
-384.0
-345.0
-345.0
-345.0
-345.0
-345.0
-345.0
-368.0
-368.0
-368.0
-368.0
-368.0
-370.0
-370.0
-370.0
-370.0
-370.0
-376.0
-376.0
-376.0
-376.0
-376.0
-349.0
-349.0
-349.0
-349.0
-349.0
-398.0
-398.0
-398.0
-398.0
-398.0
-398.0
-359.0
-359.0
-359.0
-359.0
-359.0
-368.0
-368.0
-368.0
-368.0
-368.0
-383.0
-383.0
-383.0
-383.0
-383.0
-384.0
-384.0
-384.0
-384.0
-384.0
-384.0
-377.0
-377.0
-377.0
-377.0
-377.0
-388.0
-388.0
-388.0
-388.0
-388.0
-420.0
-420.0
-420.0
-420.0
-420.0
-420.0
-378.0
-378.0
-378.0
-378.0
-378.0
-359.0
-359.0
-359.0
-359.0
-359.0
-376.0
-376.0
-376.0
-376.0
-376.0
-383.0
-383.0
-383.0
-383.0
-383.0
-383.0
-355.0
-355.0
-355.0
-355.0
-355.0
-354.0
-354.0
-354.0
-354.0
-354.0
-376.0
-376.0
-376.0
-376.0
-376.0
-342.0
-342.0
-342.0
-342.0
-342.0
-342.0
-383.0
-383.0
-383.0
-383.0
-383.0
-350.0
-350.0
-350.0
-350.0
-350.0
-390.0
-390.0
-390.0
-390.0
-390.0
-371.0
-371.0
-371.0
-371.0
-371.0
-371.0
-366.0
-366.0
-366.0
-366.0
-366.0
-398.0
-398.0
-398.0
-398.0
-398.0
-388.0
-388.0
-388.0
-388.0
-388.0
-373.0
-373.0
-373.0
-373.0
-373.0
-373.0
-354.0
-354.0
-354.0
-354.0
-354.0
-411.0
-411.0
-411.0
-411.0
-411.0
-376.0
-376.0
-376.0
-376.0
-376.0
-369.0
-369.0
-369.0
-369.0
-369.0
-369.0
-385.0
-385.0
-385.0
-385.0
-385.0
-399.0
-399.0
-399.0
-399.0
-399.0
-375.0
-375.0
-375.0
-375.0
-375.0
-347.0
-347.0
-347.0
-347.0
-347.0
-347.0
-370.0
-370.0
-370.0
-370.0
-370.0
-360.0
-360.0
-360.0
-360.0
-360.0
-372.0
-372.0
-372.0
-372.0
-372.0
-376.0
-376.0
-376.0
-376.0
-376.0
-376.0
-392.0
-392.0
-392.0
-392.0
-392.0
-359.0
-359.0
-359.0
-359.0
-359.0
-385.0
-385.0
-385.0
-385.0
-385.0
-390.0
-390.0
-390.0
-390.0
-390.0
-390.0
-354.0
-354.0
-354.0
-354.0
-354.0
-381.0
-381.0
-381.0
-381.0
-381.0
-384.0
-384.0
-384.0
-384.0
-384.0
-384.0
-403.0
-403.0
-403.0
-403.0
-403.0
-358.0
-358.0
-358.0
-358.0
-358.0
-370.0
-370.0
-370.0
-370.0
-370.0
-371.0
-371.0
-371.0
-371.0
-371.0
-371.0
-372.0
-372.0
-372.0
-372.0
-372.0
-377.0
-377.0
-377.0
-377.0
-377.0
-377.0
-377.0
-377.0
-377.0
-377.0
-394.0
-394.0
-394.0
-394.0
-394.0
-350.0
-350.0
-350.0
-350.0
-350.0
-350.0
-403.0
-403.0
-403.0
-403.0
-403.0
-340.0
-340.0
-340.0
-340.0
-340.0
-360.0
-360.0
-360.0
-360.0
-360.0
-342.0
-342.0
-342.0
-342.0
-342.0
-342.0
-375.0
-375.0
-375.0
-375.0
-375.0
-359.0
-359.0
-359.0
-359.0
-359.0
-401.0
-401.0
-401.0
-401.0
-401.0
-378.0
-378.0
-378.0
-378.0
-378.0
-378.0
-348.0
-348.0
-348.0
-348.0
-348.0
