0.201849, -0.023424, 1.027667
0.219356, -0.006161, 1.014857
0.230153, -0.003233, 1.014613
0.227408, -0.000427, 1.024983
0.215086, -0.010370, 1.039318
0.208498, -0.029463, 1.052982
0.205875, -0.023912, 1.043893
0.207339, -0.011651, 1.032364
0.215025, 0.009150, 1.023153
0.230885, 0.009028, 1.016748
0.219722, 0.011041, 1.029070
0.217526, 0.004331, 1.036329
0.197457, 0.009028, 1.043832
0.200324, 0.004148, 1.046272
0.205448, 0.012505, 1.040904
0.204899, 0.010309, 1.039501
0.194712, -0.014091, 1.048773
0.173362, -0.025620, 1.054446
0.165249, -0.046177, 1.063230
0.171654, -0.044896, 1.058106
0.191723, -0.040748, 1.036085
0.211121, -0.031049, 1.011502
0.214903, -0.028670, 1.018700
0.214842, -0.029890, 1.020896
0.216550, -0.029402, 1.028582
0.215147, -0.018239, 1.029863
0.213927, -0.017629, 1.034011
0.209718, -0.030073, 1.036451
0.211304, -0.020374, 1.036817
0.210938, -0.017324, 1.034682
0.204472, -0.022570, 1.036024
0.193431, -0.018849, 1.039196
0.178181, -0.016836, 1.044198
0.164334, -0.030622, 1.062681
0.153293, -0.040504, 1.045906
0.164822, -0.023973, 1.041087
0.173789, -0.012200, 1.029009
0.168604, -0.015128, 1.034072
0.177266, -0.014091, 1.037854
0.174643, -0.011224, 1.041148
0.180560, -0.013054, 1.043283
0.189771, -0.007991, 1.039257
0.191540, 0.001647, 1.040050
0.198372, -0.001830, 1.047858
0.197823, -0.003111, 1.046089
0.209718, 0.009882, 1.048895
0.207095, 0.023058, 1.050115
0.213195, 0.028609, 1.055300
0.194895, 0.023180, 1.063047
0.204838, 0.027145, 1.065975
0.186477, 0.024766, 1.073112
0.186416, 0.032757, 1.073600
0.185379, 0.028487, 1.073234
0.179706, 0.026779, 1.076284
0.172935, 0.034831, 1.075369
0.179340, 0.034038, 1.073356
0.172447, 0.028975, 1.069086
0.167323, 0.023790, 1.074881
0.168848, 0.037149, 1.065304
0.161040, 0.034892, 1.052311
0.163297, 0.040504, 1.055544
0.159332, 0.027084, 1.062681
0.162931, 0.032696, 1.053897
0.152805, 0.015555, 1.055178
0.157197, 0.019398, 1.051823
0.157197, 0.002318, 1.051091
0.167018, 0.007564, 1.049810
0.167262, -0.001525, 1.033279
0.172020, -0.008174, 1.035109
0.175741, -0.010065, 1.022787
0.167384, -0.024278, 1.020957
0.177266, -0.037332, 1.018212
0.164761, -0.048312, 1.022055
0.174216, -0.051850, 1.015345
0.196542, -0.053131, 0.993202
0.198006, -0.049959, 0.985272
0.200080, -0.054656, 0.983442
0.206485, -0.049227, 0.984174
0.208681, -0.046726, 0.988383
0.203130, -0.038735, 0.990152
0.201361, -0.033977, 0.982405
0.190320, -0.036783, 0.977037
0.200019, -0.033916, 0.974963
0.211182, -0.029829, 0.977708
0.211914, -0.025803, 0.979050
0.213378, -0.020008, 0.984296
0.207156, -0.024400, 0.980697
0.208376, -0.028914, 0.984174
0.210206, -0.027145, 0.978135
0.214354, -0.029463, 0.981185
0.220271, -0.038064, 0.978928
0.223138, -0.042212, 0.979782
0.213317, -0.048434, 0.979172
0.223443, -0.045506, 0.965325
0.225883, -0.044469, 0.967765
0.235033, -0.049227, 0.964166
0.231617, -0.051545, 0.963373
0.242353, -0.060085, 0.960506
0.232166, -0.056303, 0.965691
0.237534, -0.061488, 0.969839
0.236802, -0.064721, 0.971364
0.238693, -0.065514, 0.963434
0.236680, -0.067161, 0.951905
0.234179, -0.075457, 0.951600
0.231373, -0.075762, 0.949953
0.243634, -0.079056, 0.955138
0.233264, -0.086620, 0.956175
0.235521, -0.087169, 0.950685
0.236680, -0.088816, 0.949770
0.231373, -0.100040, 0.938058
0.240035, -0.106628, 0.943609
0.248331, -0.110837, 0.932568
0.246928, -0.117059, 0.928420
0.245586, -0.124318, 0.917501
0.255285, -0.135420, 0.915915
0.255590, -0.146949, 0.912194
0.261629, -0.150853, 0.912377
0.269742, -0.151890, 0.903105
0.271267, -0.169763, 0.902617
0.276452, -0.173118, 0.904081
0.293288, -0.172996, 0.898469
0.285846, -0.168665, 0.908900
0.293471, -0.168848, 0.918599
0.294203, -0.159332, 0.918965
0.297497, -0.162443, 0.924394
0.297802, -0.151280, 0.931531
0.299937, -0.150060, 0.937997
0.305366, -0.137921, 0.932446
0.298534, -0.138104, 0.939400
0.298107, -0.126026, 0.939949
0.289262, -0.128710, 0.950990
0.287737, -0.111203, 0.948550
0.277733, -0.105225, 0.955565
0.274744, -0.096746, 0.960323
0.278587, -0.101748, 0.963190
0.263032, -0.098881, 0.961726
0.263642, -0.089060, 0.956053
0.262666, -0.095587, 0.950075
0.248026, -0.087962, 0.951112
0.241438, -0.093757, 0.946354
0.236741, -0.092049, 0.940681
0.226615, -0.089914, 0.952088
0.229482, -0.089975, 0.933422
0.217770, -0.101565, 0.921832
0.218502, -0.098820, 0.925919
0.218624, -0.098332, 0.920368
0.221247, -0.100528, 0.916647
0.225822, -0.100040, 0.915366
0.224541, -0.096319, 0.931714
0.222894, -0.100528, 0.934703
0.232776, -0.095099, 0.920002
0.229238, -0.103090, 0.919453
0.238571, -0.094916, 0.919514
0.229970, -0.098271, 0.925675
0.241621, -0.101626, 0.927871
0.242780, -0.090890, 0.927200
0.241072, -0.091012, 0.932324
0.248636, -0.087108, 0.951478
0.243268, -0.079178, 0.947208
0.252052, -0.066917, 0.941230
0.249124, -0.056303, 0.965447
0.254248, -0.053192, 0.957151
0.244305, -0.040626, 0.961848
0.235826, -0.029524, 0.974170
0.237412, -0.023180, 0.977952
0.236619, -0.012932, 0.972035
0.228262, -0.012566, 0.980331
0.216611, -0.007808, 0.980880
0.206302, -0.006527, 0.977098
0.214415, 0.002379, 0.972950
0.211060, -0.001586, 0.969534
0.206851, 0.005490, 0.968436
0.196542, 0.001952, 0.970144
0.191479, 0.013786, 0.970266
0.190686, 0.013786, 0.968558
0.191296, 0.014579, 0.960384
0.178364, 0.017812, 0.960689
0.190869, 0.009455, 0.956785
0.190076, 0.006710, 0.955870
0.192394, -0.004392, 0.957700
0.187758, -0.003660, 0.955687
0.195932, -0.003416, 0.953125
0.203008, -0.004453, 0.955687
0.205265, -0.013969, 0.950990
0.207888, -0.017873, 0.960750
0.215086, -0.025864, 0.937387
0.221552, -0.030317, 0.944524
0.225456, -0.032879, 0.950380
0.237717, -0.041602, 0.940315
0.232898, -0.043188, 0.945683
0.234118, -0.043005, 0.940559
0.240340, -0.048739, 0.949160
0.246135, -0.049288, 0.949221
0.249734, -0.053070, 0.942328
0.253577, -0.049105, 0.941474
0.248697, -0.057767, 0.945378
0.257847, -0.063867, 0.940498
0.253699, -0.064538, 0.940254
0.251137, -0.065148, 0.938607
0.255224, -0.057889, 0.951478
0.246013, -0.064782, 0.937387
0.254919, -0.061915, 0.941901
0.242475, -0.066429, 0.941962
0.243207, -0.061061, 0.942572
0.251198, -0.065697, 0.939888
0.245830, -0.068442, 0.943304
0.245830, -0.063501, 0.937326
0.237290, -0.064416, 0.950075
0.237168, -0.058804, 0.946110
0.238327, -0.066856, 0.947330
0.231556, -0.061793, 0.952576
0.233752, -0.068198, 0.945744
0.230031, -0.064965, 0.944402
0.227896, -0.070699, 0.947635
0.232227, -0.072834, 0.949526
0.234606, -0.067588, 0.951600
0.236131, -0.064294, 0.947208
0.227652, -0.073749, 0.951051
0.235948, -0.065392, 0.947757
0.233020, -0.065880, 0.953186
0.235582, -0.065514, 0.956114
0.230336, -0.067710, 0.957212
0.235399, -0.056242, 0.957029
0.234911, -0.046421, 0.961604
0.234789, -0.037881, 0.969351
0.236375, -0.000061, 0.975268
0.242963, 0.001342, 0.991189
0.231678, 0.022936, 1.002047
0.227286, 0.027450, 1.012722
0.229604, 0.034404, 1.011929
0.225456, 0.043249, 1.016870
0.216672, 0.040748, 1.025349
0.210450, 0.043432, 1.023885
0.199653, 0.040138, 1.019127
0.190259, 0.038613, 1.012173
0.188551, 0.030195, 1.001742
0.188673, 0.020801, 1.001437
0.183732, 0.002684, 0.997533
0.188978, 0.003843, 0.990823
0.191784, -0.005124, 0.981856
0.182329, -0.017751, 0.977830
0.188307, -0.024766, 0.971181
0.188002, -0.028853, 0.972279
0.189710, -0.037881, 0.967155
0.197762, -0.035258, 0.971364
0.201117, -0.047519, 0.977281
0.205204, -0.035868, 0.977891
0.205936, -0.039894, 0.982954
0.212829, -0.036234, 0.988871
0.218502, -0.036966, 0.996618
0.223687, -0.041968, 0.993690
0.224236, -0.040687, 0.996496
0.223870, -0.045567, 0.996862
0.228323, -0.046787, 1.004426
0.217648, -0.050752, 1.001681
0.228018, -0.051362, 1.007781
0.227957, -0.052155, 1.005585
0.221369, -0.049349, 1.012722
0.226920, -0.050447, 1.017907
0.221003, -0.045201, 1.029985
0.225517, -0.047885, 1.036146
0.225090, -0.049227, 1.041514
0.224602, -0.040199, 1.042429
0.223626, -0.036234, 1.037366
0.212768, -0.035258, 1.053104
0.216794, -0.038186, 1.058655
0.214049, -0.030683, 1.062193
0.210511, -0.034587, 1.068293
0.202642, -0.033550, 1.076223
0.200080, -0.032269, 1.075247
0.200324, -0.032330, 1.070428
0.204472, -0.043981, 1.076162
0.192028, -0.041114, 1.074576
0.188795, -0.046238, 1.073295
0.185257, -0.050325, 1.062498
0.185074, -0.050203, 1.084092
0.182878, -0.051850, 1.079273
0.182634, -0.051728, 1.079273
0.179706, -0.057096, 1.081286
0.190991, -0.039711, 1.091046
0.185379, -0.043798, 1.098366
0.191174, -0.038308, 1.101904
0.191113, -0.042090, 1.104588
0.188856, -0.034892, 1.110810
0.192150, -0.017812, 1.118496
0.189100, -0.023180, 1.123864
0.197030, -0.005307, 1.131916
0.186782, -0.000793, 1.133197
0.190198, -0.009211, 1.138199
0.179584, -0.010065, 1.141066
0.185623, -0.001342, 1.139724
0.187758, 0.002257, 1.146983
0.176900, 0.009699, 1.142164
0.185135, 0.019581, 1.149301
0.180926, 0.021228, 1.146495
0.173423, 0.028792, 1.151802
0.175192, 0.033489, 1.155279
0.169702, 0.041297, 1.148447
0.161833, 0.015921, 1.146922
0.171166, 0.028609, 1.147471
0.162626, 0.020008, 1.148264
0.160918, 0.014518, 1.143811
0.166591, 0.001891, 1.126792
0.161040, -0.013786, 1.128073
0.162504, -0.020496, 1.121363
0.166103, -0.030927, 1.110505
0.169641, -0.046970, 1.097512
0.174582, -0.055083, 1.084763
0.186294, -0.064111, 1.076833
0.188490, -0.066551, 1.070001
0.187819, -0.064172, 1.079822
0.178181, -0.070150, 1.096719
0.163480, -0.060817, 1.110078
0.160186, -0.036295, 1.119106
0.158112, -0.041114, 1.115446
0.160369, -0.035807, 1.107882
0.167506, -0.033550, 1.102331
0.163846, -0.056791, 1.095926
0.162870, -0.047214, 1.091351
0.179584, -0.033916, 1.078419
0.190320, -0.054351, 1.081713
0.192394, -0.071980, 1.071160
0.201788, -0.070760, 1.069940
0.214232, -0.072956, 1.071038
0.210450, -0.064660, 1.067927
0.220637, -0.082045, 1.069635
0.224968, -0.067588, 1.075674
0.224358, -0.076616, 1.078419
0.223687, -0.070699, 1.077809
0.228018, -0.064538, 1.076101
0.233630, -0.090768, 1.073966
0.238571, -0.062952, 1.064938
0.242902, -0.078324, 1.053348
0.248270, -0.085888, 1.045052
0.260592, -0.084180, 1.039684
0.252418, -0.105896, 1.033279
0.249368, -0.108519, 1.040355
0.252662, -0.109312, 1.038647
0.251381, -0.106445, 1.034987
0.253638, -0.110166, 1.038830
0.259738, -0.112789, 1.035902
0.253394, -0.110898, 1.028826
0.261324, -0.107299, 1.018883
0.260287, -0.110898, 1.023397
0.261690, -0.107116, 1.019737
0.265106, -0.104920, 1.016016
0.271389, -0.098881, 1.016931
0.267180, -0.095648, 1.021750
0.273829, -0.090463, 1.031449
0.261446, -0.082106, 1.030473
0.263459, -0.085034, 1.047858
0.254675, -0.082106, 1.055910
0.260348, -0.076311, 1.058228
0.264008, -0.060024, 1.052128
0.266631, -0.055754, 1.045418
0.264984, -0.054717, 1.039867
0.262971, -0.061366, 1.043222
0.249734, -0.062586, 1.053287
0.246928, -0.067222, 1.054080
0.245647, -0.058377, 1.054568
0.239974, -0.049105, 1.055422
0.250832, -0.060085, 1.050481
0.252906, -0.046604, 1.041331
0.257786, -0.061061, 1.032547
0.255834, -0.053131, 1.032242
0.245159, -0.077531, 1.035963
0.240950, -0.067344, 1.044625
0.233386, -0.067222, 1.043222
0.230336, -0.068930, 1.043161
0.221613, -0.069540, 1.042551
0.233020, -0.065636, 1.037793
0.231190, -0.060939, 1.035109
0.240584, -0.066734, 1.023580
0.241438, -0.072102, 1.030168
0.241499, -0.062464, 1.025105
0.241438, -0.076799, 1.028887
0.240218, -0.086986, 1.025715
0.250344, -0.074725, 1.019127
0.250283, -0.066856, 1.020530
0.250283, -0.077897, 1.012112
0.243878, -0.092110, 1.019737
0.238205, -0.083570, 1.030595
0.234728, -0.067893, 1.025959
0.232410, -0.076006, 1.033706
0.236558, -0.073139, 1.028033
0.236619, -0.075091, 1.027484
0.235582, -0.078080, 1.019310
0.234362, -0.067100, 1.031144
0.231739, -0.060512, 1.030229
0.225517, -0.057462, 1.023824
0.223260, -0.065636, 1.027240
0.217038, -0.065697, 1.033340
0.216611, -0.064233, 1.021323
0.228689, -0.058865, 1.008757
0.225761, -0.062891, 1.001742
0.228018, -0.055388, 0.998021
0.220454, -0.058926, 0.998448
0.214720, -0.062952, 0.999607
0.210328, -0.068991, 0.991006
0.225090, -0.054839, 0.991250
0.230336, -0.033916, 0.986004
0.235887, -0.048434, 0.977403
0.237717, -0.058926, 0.973438
0.214964, -0.058499, 0.984052
0.225761, -0.054900, 0.998936
0.239120, -0.035990, 0.981124
0.231312, -0.042456, 0.973804
0.224541, -0.040870, 0.968863
0.226066, -0.045079, 0.981307
0.239791, -0.028243, 0.981368
0.250527, -0.023302, 0.968680
0.242109, -0.017995, 0.960018
0.234301, -0.026535, 0.977525
0.234179, -0.030561, 0.977830
0.218685, -0.020496, 0.981490
0.223382, -0.025681, 0.973499
0.232166, -0.024827, 0.978623
0.229726, -0.021350, 0.974902
0.232044, -0.022021, 0.971730
0.237656, -0.020740, 0.970510
0.223321, -0.029951, 0.972584
0.225761, -0.039040, 0.977037
0.220332, -0.036234, 0.971364
0.230092, -0.034587, 0.971364
0.245037, -0.033367, 0.969412
0.260470, -0.035319, 0.963922
0.242597, -0.039284, 0.959408
0.235643, -0.050874, 0.959225
0.239303, -0.055266, 0.955321
0.235826, -0.035746, 0.945683
0.242353, -0.046238, 0.946842
0.242536, -0.052460, 0.944768
0.249185, -0.055632, 0.956053
0.245464, -0.044530, 0.952332
0.248697, -0.035868, 0.958554
0.239913, -0.033855, 0.958310
0.236131, -0.037820, 0.965935
0.241560, -0.023851, 0.960140
0.242048, -0.015372, 0.950746
0.219844, -0.032940, 0.952210
0.236619, -0.030683, 0.949648
0.243390, -0.029219, 0.944036
0.225822, -0.037149, 0.950380
0.229360, -0.048617, 0.942389
0.232410, -0.037332, 0.948001
0.228933, -0.043981, 0.950075
0.240035, -0.036966, 0.948245
0.230153, -0.037515, 0.955260
0.229726, -0.030561, 0.954101
0.222406, -0.045018, 0.966118
0.240279, -0.043127, 0.963434
0.263581, -0.033550, 0.956785
0.239852, -0.047580, 0.953979
0.241621, -0.060024, 0.950685
0.230885, -0.063318, 0.955382
0.238205, -0.069052, 0.951966
0.240767, -0.069174, 0.947391
0.245891, -0.071797, 0.946659
0.236497, -0.073627, 0.945256
0.249063, -0.070394, 0.944036
0.256200, -0.064477, 0.956785
0.272548, -0.051911, 0.965020
0.263947, -0.037942, 0.954711
0.273463, -0.025193, 0.951295
0.275598, -0.029951, 0.948001
0.267424, -0.028609, 0.954223
0.259311, -0.027389, 0.961299
0.255285, -0.028548, 0.964898
0.249978, -0.034099, 0.964654
0.243024, -0.020252, 0.961482
0.248392, -0.020374, 0.965081
0.255224, -0.021289, 0.955504
0.264557, 0.002074, 0.940498
0.252052, 0.000366, 0.928664
0.263337, 0.001037, 0.936716
0.248148, 0.000610, 0.939339
0.217343, -0.018056, 0.953613
0.220088, -0.026840, 0.956907
0.221735, -0.020069, 0.955077
0.224846, -0.025315, 0.948672
0.233813, -0.024339, 0.941901
0.237046, -0.015433, 0.935313
0.238815, -0.020374, 0.928603
0.230763, -0.032818, 0.935130
0.235460, -0.041663, 0.947086
0.238022, -0.048495, 0.956785
0.247294, -0.043981, 0.949282
0.254980, -0.038796, 0.938180
0.253821, -0.042944, 0.926102
0.257054, -0.029158, 0.923784
0.238449, -0.053680, 0.931287
0.257481, -0.045750, 0.931531
0.251625, -0.048495, 0.928359
0.245403, -0.043188, 0.923540
0.256261, -0.043493, 0.914268
0.241682, -0.057889, 0.922320
0.226371, -0.072529, 0.929762
0.226859, -0.088206, 0.932568
0.238998, -0.083143, 0.935557
0.261507, -0.077653, 0.907802
0.285114, -0.097234, 0.894504
0.305854, -0.138409, 0.877973
0.302987, -0.213927, 0.856379
0.256383, -0.322324, 0.846558
0.214049, -0.418155, 0.840214
0.197457, -0.456524, 0.837530
0.199775, -0.446032, 0.834236
0.209962, -0.434198, 0.837957
0.229421, -0.422486, 0.859612
0.245159, -0.400526, 0.893284
0.265045, -0.344467, 0.914268
0.279807, -0.268278, 0.942938
0.290055, -0.196786, 0.973743
0.312381, -0.098088, 1.011685
0.327692, 0.007808, 1.064084
0.345016, 0.101443, 1.093242
0.348920, 0.177632, 1.114775
0.343308, 0.247477, 1.150521
0.324032, 0.302438, 1.156377
0.312442, 0.348798, 1.164063
0.291885, 0.385947, 1.160525
0.236436, 0.401990, 1.168089
0.221308, 0.407297, 1.152473
0.143472, 0.342271, 1.046150
0.125111, 0.174948, 0.987712
0.132126, 0.063196, 0.949587
0.140117, 0.024522, 0.930006
0.145851, -0.022814, 0.912255
0.182146, -0.059902, 0.904386
0.193553, -0.082960, 0.886635
0.209108, -0.115534, 0.879620
0.237656, -0.135298, 0.862296
0.252418, -0.148779, 0.847412
0.275293, -0.168970, 0.846192
0.271938, -0.190808, 0.846680
0.295728, -0.195810, 0.850401
0.288164, -0.198494, 0.851560
0.299571, -0.189954, 0.855586
0.316407, -0.182146, 0.859734
0.304268, -0.176290, 0.870897
0.308843, -0.157136, 0.878522
0.303536, -0.146583, 0.887367
0.296033, -0.137677, 0.892125
0.306403, -0.121756, 0.895968
0.298107, -0.116754, 0.904325
0.291580, -0.100406, 0.895419
0.279380, -0.097173, 0.892064
0.276330, -0.082838, 0.891759
0.262239, -0.082960, 0.898591
0.238754, -0.086803, 0.898957
0.228201, -0.075518, 0.896212
0.246928, -0.055632, 0.880474
0.250283, -0.045201, 0.878644
0.228811, -0.053741, 0.880718
0.226798, -0.055632, 0.893040
0.210450, -0.075884, 0.895724
0.196176, -0.072102, 0.898225
0.195261, -0.074725, 0.886757
0.202093, -0.047702, 0.871995
0.198250, -0.053436, 0.866200
0.194712, -0.062769, 0.873215
0.188246, -0.075518, 0.883524
0.196237, -0.082716, 0.881084
0.205204, -0.061854, 0.878766
0.228323, -0.054046, 0.871324
0.232105, -0.036356, 0.868762
0.223138, -0.035075, 0.876326
0.204167, -0.046238, 0.892186
0.212036, -0.065331, 0.914085
0.233142, -0.062647, 0.918538
0.220515, -0.061366, 0.918233
0.229909, -0.054961, 0.903654
0.225700, -0.062647, 0.901397
0.240035, -0.065880, 0.899140
0.240523, -0.058804, 0.892796
0.246257, -0.059902, 0.901397
0.247111, -0.057035, 0.894809
0.249734, -0.059414, 0.898530
0.239974, -0.064660, 0.905057
0.240096, -0.077653, 0.910364
0.235155, -0.077348, 0.907253
0.234911, -0.080825, 0.907985
0.234911, -0.092903, 0.905301
0.231373, -0.097722, 0.902007
0.219905, -0.105957, 0.908290
0.221308, -0.114924, 0.908900
0.211304, -0.131516, 0.911035
0.208132, -0.135115, 0.914756
0.233752, -0.133834, 0.909632
0.221308, -0.142435, 0.906643
0.233508, -0.135786, 0.902678
0.226676, -0.133590, 0.899262
0.233569, -0.140788, 0.905118
0.232349, -0.134444, 0.914024
0.241072, -0.119743, 0.913719
0.250161, -0.110166, 0.915610
0.245403, -0.091805, 0.925675
0.233874, -0.083448, 0.958554
0.228506, -0.081008, 0.961482
0.231556, -0.071370, 0.973316
0.234423, -0.052826, 0.983137
0.215879, -0.055632, 0.993080
0.205753, -0.057279, 0.997655
0.193614, -0.058560, 1.000827
0.192272, -0.063379, 1.001132
0.201056, -0.055144, 0.990213
0.187087, -0.054900, 0.983259
0.187758, -0.050081, 0.977586
0.181841, -0.055876, 0.979904
0.167506, -0.059170, 0.973682
0.161162, -0.057401, 0.981124
0.171959, -0.043676, 0.978257
0.165188, -0.032452, 0.981551
0.164761, -0.029707, 0.982039
0.163846, -0.021960, 0.982893
0.153232, -0.021838, 0.996923
0.143960, -0.031842, 1.011258
0.147010, -0.020069, 1.022421
0.148474, -0.021472, 1.023397
0.139446, -0.033855, 1.021445
0.137616, -0.038857, 1.021750
0.126636, -0.034831, 1.002901
0.135847, -0.048068, 1.013393
0.145790, -0.039467, 0.984540
0.151585, -0.036112, 0.990884
0.152012, -0.041602, 1.005036
0.151219, -0.060390, 1.026142
0.156587, -0.051972, 1.012173
0.146583, -0.063867, 1.019371
0.142801, -0.076128, 1.029009
0.139324, -0.098027, 1.030839
0.157990, -0.088389, 1.022909
0.204716, -0.084424, 1.000583
0.198372, -0.109190, 1.000156
0.199714, -0.126087, 1.007232
0.206973, -0.125355, 1.009855
0.222101, -0.121146, 0.995032
0.227469, -0.120170, 0.990579
0.228750, -0.115961, 0.967704
0.252174, -0.090463, 0.930494
0.308477, -0.067039, 0.837530
0.623725, 0.152866, 0.494283
0.957456, 0.251503, 0.003660
0.843874, 0.178913, -0.296094
0.909388, 0.155855, -0.421693
0.942328, 0.020862, -0.407724
0.871568, -0.108824, -0.264496
0.939156, -0.148291, -0.114680
0.997106, -0.177937, 0.009028
0.957456, -0.251259, 0.153720
0.875472, -0.302621, 0.328363
0.679479, -0.386618, 0.571509
0.523197, -0.393999, 0.802516
0.545340, -0.232166, 0.897859
0.485194, -0.138165, 0.875960
0.634156, 0.030500, 0.741882
0.926102, 0.290665, 0.467138
1.371707, 0.511668, 0.086498
1.218536, 0.265716, 0.028548
0.480802, 0.043066, 0.299022
0.758352, 0.146705, 0.504714
0.266326, 0.166164, 0.581513
0.178913, 0.040931, 0.742980
0.270657, 0.124257, 0.773846
0.247721, 0.206851, 0.746457
0.240523, 0.237473, 0.792878
0.572424, 0.414068, 0.709491
0.758535, 0.484035, 0.618906
0.495442, 0.292617, 0.721081
0.070150, -0.092171, 1.068232
0.199348, 0.389485, 1.152839
0.409188, 0.481046, 0.954772
-0.111630, 0.266509, 0.971730
-0.132858, 0.161284, 1.062071
-0.053924, 0.327204, 1.006866
-0.067527, 0.362035, 0.931226
-0.105957, 0.263032, 0.934093
-0.150182, 0.262849, 0.983625
-0.152622, 0.242414, 1.020347
-0.257664, 0.192272, 1.065609
-0.157014, 0.222894, 1.074515
-0.177266, 0.208010, 1.066402
-0.205570, 0.192150, 1.080066
-0.253760, 0.155001, 1.148020
-0.325496, 0.132980, 1.227076
-0.210816, 0.139507, 1.262273
-0.162992, 0.128588, 1.282586
-0.189893, 0.109922, 1.281854
-0.128710, 0.091805, 1.267397
-0.136457, 0.072041, 1.272216
-0.116754, 0.062586, 1.290272
-0.158661, 0.066978, 1.310463
-0.128466, 0.049532, 1.311622
-0.124806, 0.027023, 1.347002
-0.074969, 0.021289, 1.346514
-0.087596, 0.059597, 1.291858
0.049959, 0.091866, 1.209386
0.025376, 0.000610, 1.221830
-0.017446, -0.013542, 1.210667
-0.008662, 0.023790, 1.220061
-0.103639, -0.016226, 1.257759
-0.081496, -0.024644, 1.299117
-0.109678, -0.028304, 1.329434
-0.102053, -0.015738, 1.357189
-0.114131, 0.005307, 1.366156
-0.114070, 0.024461, 1.362374
-0.064538, 0.008113, 1.370060
-0.117852, 0.007564, 1.378783
-0.138958, 0.031903, 1.366095
-0.093574, -0.004514, 1.361459
-0.095953, 0.021350, 1.354932
-0.105225, 0.025193, 1.336937
-0.093879, -0.002318, 1.339133
-0.091805, -0.002806, 1.356152
-0.054290, 0.013542, 1.343098
-0.031842, 0.003294, 1.345721
-0.004392, 0.004026, 1.335656
0.034099, -0.014701, 1.311439
0.049532, -0.038064, 1.287405
0.072956, -0.043493, 1.270325
0.089792, -0.032635, 1.260016
0.087718, -0.058682, 1.267885
0.090158, -0.064050, 1.270508
0.087047, -0.052399, 1.281854
0.085583, -0.049349, 1.281244
0.086864, -0.049044, 1.280512
0.088389, -0.038247, 1.281061
0.091439, -0.037393, 1.274290
0.089853, -0.035502, 1.266482
0.093208, -0.030012, 1.257576
0.083204, -0.025620, 1.245498
0.064172, -0.032330, 1.253062
0.044225, -0.034465, 1.251964
0.032635, -0.015189, 1.255136
0.027877, -0.010675, 1.253001
0.020618, -0.012444, 1.260626
0.009638, -0.008357, 1.260687
0.006893, 0.005978, 1.266299
0.025803, 0.019520, 1.267458
0.035868, 0.015677, 1.262944
0.042029, 0.024644, 1.262517
0.068015, 0.043188, 1.252269
0.082411, 0.046787, 1.247938
0.080215, 0.043981, 1.246962
0.082411, 0.051362, 1.250439
0.099369, 0.053375, 1.245864
0.094672, 0.043310, 1.240313
0.106262, 0.043310, 1.237080
0.112423, 0.046665, 1.228906
0.117181, 0.025071, 1.222257
0.126392, 0.022204, 1.211033
0.140605, 0.002013, 1.199016
0.142557, -0.004880, 1.195905
0.147620, -0.027450, 1.174860
0.156831, -0.025010, 1.155523
0.165981, -0.054107, 1.131428
0.157319, -0.072529, 1.119289
0.160613, -0.079910, 1.099220
0.176595, -0.086315, 1.082201
0.177449, -0.132431, 0.969290
0.196908, -0.197640, 0.850767
0.191967, -0.245525, 0.780312
0.155062, -0.259921, 0.747189
0.149511, -0.254980, 0.736148
0.147498, -0.268766, 0.752618
0.146888, -0.249002, 0.756644
0.156282, -0.227896, 0.774395
0.160796, -0.224785, 0.793366
0.159576, -0.196603, 0.821487
0.181170, -0.180560, 0.838323
0.182146, -0.171227, 0.850340
0.192882, -0.161406, 0.868091
0.198250, -0.148474, 0.881999
0.196603, -0.127673, 0.882426
0.209108, -0.123952, 0.878766
0.215635, -0.115107, 0.883646
0.218990, -0.099186, 0.884073
0.244610, -0.081984, 0.892918
0.238144, -0.075457, 0.894931
0.226798, -0.067283, 0.899750
0.232105, -0.054290, 0.893345
0.226005, -0.038369, 0.905606
0.228079, -0.033550, 0.913048
0.249612, -0.007320, 0.911584
0.257664, -0.001708, 0.913231
0.263398, -0.012932, 0.915915
0.262483, -0.005917, 0.917196
0.258762, -0.009699, 0.926407
0.250649, -0.010797, 0.925187
0.246074, -0.026230, 0.928115
0.241926, -0.022997, 0.916037
0.254614, -0.021045, 0.915854
0.259189, -0.029036, 0.913231
0.253455, -0.046360, 0.916708
0.251442, -0.037759, 0.909205
0.264435, -0.054107, 0.909815
0.266387, -0.064477, 0.904020
0.259738, -0.067771, 0.899018
0.250954, -0.073993, 0.885354
0.243939, -0.070577, 0.884683
0.242963, -0.078202, 0.888770
0.232959, -0.067710, 0.886879
0.251015, -0.061915, 0.890356
0.256993, -0.054961, 0.898408
0.260226, -0.066917, 0.899811
0.257847, -0.055632, 0.905240
0.234972, -0.052399, 0.911706
0.247538, -0.055510, 0.910242
0.238815, -0.044408, 0.911523
0.228506, -0.049410, 0.908046
0.213073, -0.038064, 0.905484
0.201849, -0.033550, 0.902800
0.184830, -0.033184, 0.908534
0.173118, -0.029097, 0.908656
0.165859, -0.021594, 0.901031
0.156953, -0.007686, 0.898530
0.144936, -0.002928, 0.902495
0.138653, 0.012505, 0.899262
0.136335, 0.010309, 0.906094
0.135359, 0.013176, 0.908473
0.129503, 0.016287, 0.916464
0.120353, 0.025132, 0.924638
0.104981, 0.015677, 0.925004
0.095526, 0.021472, 0.928481
0.082594, 0.017263, 0.936228
0.085522, 0.018178, 0.936167
0.083204, 0.015799, 0.943304
0.084790, 0.018239, 0.956785
0.079849, 0.014518, 0.960567
0.081923, 0.015372, 0.965386
0.083997, 0.007320, 0.962824
0.082960, -0.001830, 0.965447
0.084668, 0.004758, 0.963617
0.086376, 0.009699, 0.965569
0.089243, 0.013237, 0.976305
0.095160, 0.025071, 0.981856
0.084973, 0.035380, 0.990091
0.094794, 0.044835, 1.006378
0.100406, 0.059170, 1.013515
0.098576, 0.074603, 1.028460
0.093940, 0.090158, 1.024861
0.089304, 0.102541, 1.033950
0.079849, 0.110959, 1.037976
0.070760, 0.122122, 1.045540
0.054595, 0.138592, 1.051640
0.047092, 0.149084, 1.063596
0.041724, 0.160796, 1.064633
0.028304, 0.162626, 1.070245
0.023058, 0.170068, 1.065182
0.023302, 0.167384, 1.061217
0.015738, 0.161650, 1.060790
0.009272, 0.163236, 1.058350
0.010980, 0.152317, 1.051762
0.007686, 0.146034, 1.051823
0.006954, 0.138470, 1.052189
0.002074, 0.130784, 1.047248
0.009333, 0.130845, 1.051762
0.000671, 0.121878, 1.044930
0.024705, 0.114192, 1.046150
0.001220, 0.107543, 1.047553
0.023912, 0.106445, 1.043344
0.021472, 0.099918, 1.048407
0.024278, 0.102663, 1.048773
0.037881, 0.103456, 1.047126
0.041236, 0.096685, 1.056459
0.036112, 0.097478, 1.065182
0.061122, 0.101443, 1.056764
0.053863, 0.099491, 1.068659
0.052765, 0.096868, 1.067195
0.053131, 0.103578, 1.063962
0.053924, 0.094184, 1.066402
0.071858, 0.098759, 1.068232
0.058072, 0.089975, 1.071099
0.058743, 0.099308, 1.070306
0.062403, 0.105225, 1.064511
0.070699, 0.093025, 1.071160
0.068320, 0.087962, 1.070611
0.075701, 0.091683, 1.064145
0.082594, 0.096990, 1.068781
0.083448, 0.094855, 1.065304
0.078019, 0.092781, 1.066524
0.072651, 0.085400, 1.062803
0.069540, 0.086010, 1.074393
0.071309, 0.083997, 1.069696
0.059780, 0.075823, 1.071953
0.059109, 0.068808, 1.070245
0.060939, 0.061488, 1.070184
0.062891, 0.043859, 1.060424
0.059475, 0.040992, 1.042063
0.037881, 0.045628, 1.028338
0.027572, 0.036356, 1.027789
0.011163, 0.034343, 1.036756
-0.007808, 0.025864, 1.048224
-0.032635, 0.012810, 1.066219
-0.036844, 0.014335, 1.068659
0.020374, 0.018910, 1.056642
0.153415, 0.080886, 1.011075
0.407968, 0.153415, 0.911950
0.610305, 0.304695, 0.726510
0.657153, 0.409249, 0.551623
0.806176, 0.365939, 0.454572
0.845155, 0.461587, 0.349469
0.921954, 0.438163, 0.268278
0.778238, 0.430599, 0.281698
0.749324, 0.374662, 0.339404
0.633180, 0.344406, 0.416203
0.545950, 0.231983, 0.508008
0.547719, 0.098454, 0.604022
0.571509, 0.091683, 0.623298
0.540582, -0.035563, 0.649467
0.466894, -0.091866, 0.679052
0.326350, -0.096563, 0.703330
0.376431, -0.255041, 0.764025
0.394853, -0.273341, 0.767258
0.453352, -0.287432, 0.720166
0.498370, -0.353739, 0.687470
0.570838, -0.370758, 0.640500
0.516548, -0.376492, 0.582123
0.523502, -0.381860, 0.569191
0.451034, -0.398208, 0.621285
0.458476, -0.473238, 0.684359
0.495991, -0.465857, 0.714737
0.557479, -0.508008, 0.716994
0.529663, -0.504653, 0.736514
0.498248, -0.520879, 0.741577
0.442494, -0.506056, 0.767868
0.300303, -0.437980, 0.790621
0.219173, -0.437736, 0.859551
0.263764, -0.500261, 0.922686
0.234118, -0.484035, 0.957578
0.232593, -0.485377, 0.973438
0.221857, -0.452681, 0.990640
0.200690, -0.454328, 1.017724
0.175314, -0.457561, 1.058350
0.140727, -0.423950, 1.081896
0.152744, -0.408578, 1.098000
0.144570, -0.341661, 1.101172
0.150121, -0.314028, 1.120692
0.078507, -0.305427, 1.140029
0.084851, -0.270535, 1.173030
0.020252, -0.236558, 1.188036
-0.036844, -0.188124, 1.209996
-0.085400, -0.194590, 1.255258
-0.102602, -0.151158, 1.283867
-0.155123, -0.080581, 1.302655
-0.183122, -0.074176, 1.333338
-0.186477, -0.034465, 1.368169
-0.215879, 0.034648, 1.381711
-0.218014, 0.059597, 1.400194
-0.219539, 0.102419, 1.420568
-0.254248, 0.142984, 1.431914
-0.271206, 0.172813, 1.441613
-0.294386, 0.200629, 1.446676
-0.272975, 0.243573, 1.448140
-0.263642, 0.282186, 1.434964
-0.244183, 0.314638, 1.419836
-0.224297, 0.354959, 1.403549
-0.230214, 0.383263, 1.378783
-0.233813, 0.403515, 1.370975
-0.247782, 0.415715, 1.362801
-0.267912, 0.426939, 1.350296
-0.279990, 0.429440, 1.339316
-0.309331, 0.426146, 1.327787
-0.317749, 0.422486, 1.317722
-0.330193, 0.408639, 1.298568
-0.339770, 0.391376, 1.303692
-0.345138, 0.385215, 1.272765
-0.344894, 0.360693, 1.253306
-0.342759, 0.337330, 1.240374
-0.342698, 0.297863, 1.215181
-0.331291, 0.284260, 1.195539
-0.325374, 0.251869, 1.170346
-0.307074, 0.225761, 1.145641
-0.290665, 0.206363, 1.123254
-0.277916, 0.198677, 1.104466
-0.253455, 0.164883, 1.079700
-0.240096, 0.146156, 1.066707
-0.214659, 0.135176, 1.044869
-0.189283, 0.132980, 1.035292
-0.166774, 0.120963, 1.023946
-0.145180, 0.122976, 1.011258
-0.117730, 0.122366, 1.004670
-0.088694, 0.126941, 1.001498
-0.075457, 0.137006, 1.002657
-0.045384, 0.134444, 0.999485
-0.022631, 0.148779, 0.994666
-0.002806, 0.152927, 0.999546
0.015616, 0.160979, 0.998753
0.026230, 0.129686, 0.996069
0.017324, 0.166896, 0.891881
0.171654, 0.227042, 0.676673
0.093025, 0.217099, 0.525027
0.020252, 0.120597, 0.495076
-0.066002, 0.090585, 0.526308
-0.133346, 0.092415, 0.558394
-0.156282, 0.089304, 0.573949
-0.227347, 0.077714, 0.602741
-0.266265, 0.072102, 0.628178
-0.289933, 0.093086, 0.626958
-0.295606, 0.102602, 0.620126
