0.111594,33
0.112939,25
0.114273,31
0.115610,27
0.116920,30
0.118232,35
0.119548,27
0.120861,32
0.122192,28
0.123524,28
0.124840,28
0.126155,30
0.127459,36
0.128767,36
0.130074,36
0.131382,44
0.132692,41
0.134021,45
0.135358,41
0.136669,47
0.137979,53
0.139287,41
0.140596,45
0.141904,49
0.143219,49
0.144521,37
0.145839,45
0.147141,54
0.148449,56
0.149759,46
0.151068,50
0.152377,52
0.153686,50
0.154994,49
0.156306,53
0.157614,53
0.158922,53
0.160250,43
0.161560,57
0.162867,50
0.164188,47
0.165568,52
0.166880,56
0.168189,52
0.169516,51
0.170824,54
0.172133,53
0.173443,46
0.174750,47
0.176062,49
0.177372,55
0.178681,46
0.179988,48
0.181296,51
0.182603,56
0.183910,39
0.185219,50
0.186518,49
0.187826,59
0.189141,46
0.190460,44
0.191769,48
0.193078,42
0.194385,37
0.195693,45
0.196994,43
0.198301,38
0.199609,42
0.200915,40
0.202223,41
0.203530,38
0.204838,31
0.206146,39
0.207447,46
0.208753,35
0.210060,32
0.211369,29
0.212677,37
0.213984,30
0.215293,31
0.216607,35
0.217913,42
0.219220,26
0.220530,39
0.221839,38
0.223146,35
0.224460,32
0.225768,29
0.227076,47
0.228378,47
0.229685,26
0.230996,38
0.232307,40
0.233615,37
0.234922,34
0.236246,33
0.237554,51
0.238856,47
0.240164,41
0.241472,46
0.242779,47
0.244087,47
0.245395,40
0.246702,45
0.248011,54
0.249309,46
0.250616,46
0.251932,54
0.253257,46
0.254580,41
0.255902,43
0.257244,50
0.258578,52
0.259885,44
0.261193,49
0.262501,50
0.263819,41
0.265139,44
0.266458,53
0.267778,61
0.269110,50
0.270423,46
0.271732,55
0.273040,58
0.274348,50
0.275656,46
0.276987,56
0.278297,51
0.279605,48
0.280914,52
0.282246,56
0.283560,44
0.284871,46
0.286177,54
0.287508,54
0.288844,47
0.290156,50
0.291464,51
0.292773,51
0.294081,40
0.295388,52
0.296697,51
0.298006,47
0.299308,46
0.300616,49
0.301924,52
0.303231,41
0.304540,40
0.305847,48
0.307156,50
0.308468,42
0.309770,42
0.311076,43
0.312385,42
0.313695,34
0.315003,34
0.316312,45
0.317620,47
0.318933,33
0.320325,39
0.321634,35
0.322942,31
0.324260,28
0.325571,35
0.326883,42
0.328274,33
0.329580,31
0.330888,32
0.332197,27
0.333522,26
0.334830,36
0.336137,39
0.337454,28
0.338763,35
0.340071,33
0.341378,37
0.342707,29
0.344013,27
0.345325,39
0.346636,44
0.347980,28
0.349314,36
0.350622,37
0.351931,38
0.353238,30
0.354548,41
0.355855,50
0.357180,32
0.358520,44
0.359835,37
0.361148,42
0.362455,36
0.363764,36
0.365076,47
0.366388,44
0.367719,35
0.369046,49
0.370355,43
0.371681,42
0.372993,42
0.374311,50
0.375622,53
0.376930,44
0.378239,48
0.379540,48
0.380848,44
0.382155,45
0.383462,45
0.384771,55
0.386079,52
0.387386,40
0.388700,50
0.390007,51
0.391314,43
0.392620,43
0.393927,45
0.395242,63
0.396549,50
0.397858,44
0.399167,51
0.400484,55
0.401796,45
0.403105,45
0.404412,51
0.405723,60
0.407030,49
0.408336,46
0.409645,56
0.410953,49
0.412263,46
0.413571,51
0.414879,56
0.416187,53
0.417513,46
0.418821,53
0.420154,50
0.421454,45
0.422762,46
0.424072,52
0.425380,59
0.426688,51
0.427996,49
0.429313,53
0.430623,51
0.431931,46
0.433239,43
0.434549,51
0.435856,61
0.437163,48
0.438471,43
0.439788,51
0.441096,53
0.442403,41
0.443711,44
0.445021,51
0.446328,48
0.447636,44
0.448945,48
0.450265,50
0.451571,49
0.452878,37
0.454187,50
0.455495,45
0.456803,37
0.458111,41
0.459419,41
0.460734,43
0.462043,42
0.463349,31
0.464659,41
0.465966,50
0.467273,37
0.468581,39
0.469890,41
0.471246,35
0.472576,30
0.473895,33
0.475206,41
0.476515,32
0.477825,37
0.479133,34
0.480454,34
0.481790,24
0.483101,28
0.484417,38
0.485734,35
0.487041,29
0.488351,33
0.489669,35
0.490998,34
0.492396,27
0.493707,47
0.495013,37
0.496322,32
0.497632,36
0.498941,40
0.500264,35
0.501571,31
0.502879,45
0.504289,48
0.505595,35
0.506904,45
0.508262,49
0.509601,38
0.510934,35
0.512247,52
0.513559,52
0.514867,39
0.516175,48
0.517483,42
0.518792,44
0.520100,43
0.521403,53
0.522710,58
0.524020,48
0.525328,44
0.526634,55
0.527942,55
0.529251,48
0.530560,43
0.531862,51
0.533170,62
0.534478,50
0.535786,46
0.537094,56
0.538402,53
0.539710,46
0.541014,48
0.542332,53
0.543641,64
0.544948,50
0.546255,50
0.547563,54
0.548872,55
0.550180,46
0.551491,45
0.552805,52
0.554114,49
0.555422,51
0.556730,48
0.558036,54
0.559349,49
0.560653,43
0.561963,51
0.563275,49
0.564580,40
0.565888,42
0.567195,40
0.568503,38
0.569811,36
0.571120,28
0.572428,41
0.573728,46
0.575036,32
0.576345,38
0.577652,39
0.578959,43
0.580268,31
0.581578,28
0.582887,35
0.584192,39
0.585526,26
0.586834,38
0.588141,33
0.589448,38
0.590755,27
0.592063,38
0.593371,44
0.594674,45
0.595983,36
0.597290,43
0.598598,44
0.599905,42
0.601222,40
0.602532,45
0.603852,56
0.605159,46
0.606465,47
0.607774,55
0.609086,51
0.610397,38
0.611720,47
0.613045,57
0.614365,50
0.615673,46
0.616981,52
0.618295,53
0.619598,54
0.620919,45
0.622242,43
0.623570,56
0.624897,47
0.626211,48
0.627522,54
0.628828,51
0.630142,45
0.631457,44
0.632773,55
0.634102,48
0.635418,50
0.636731,49
0.638047,51
0.639359,44
0.640675,40
0.641983,45
0.643323,53
0.644676,38
0.645990,36
0.647305,46
0.648621,45
0.649940,32
0.651257,41
0.652586,37
0.653897,28
0.655205,39
0.656515,36
0.657822,35
0.659136,26
0.660449,30
0.661776,42
0.663102,32
0.664418,32
0.665731,36
0.667044,39
0.668352,30
0.669661,32
0.670971,36
0.672292,47
0.673633,32
0.674948,43
0.676285,41
0.677596,30
0.678908,33
0.680236,41
0.681546,45
0.682857,38
0.684197,44
0.685599,40
0.686916,36
0.688262,39
0.689588,54
0.690900,48
0.692242,37
0.693551,49
0.694865,43
0.696181,41
0.697503,41
0.698823,53
0.700137,51
0.701462,47
0.702798,50
0.704109,43
0.705417,47
0.706725,44
0.708033,50
0.709341,62
0.710650,54
0.711958,42
0.713273,51
0.714582,52
0.715892,47
0.717201,45
0.718508,55
0.719816,64
0.721128,47
0.722442,50
0.723746,53
0.725055,51
0.726362,45
0.727673,49
0.728997,46
0.730321,45
0.731647,49
0.732959,53
0.734266,48
0.735584,39
0.736895,46
0.738203,48
0.739510,57
0.740820,42
0.742163,47
0.743511,42
0.744828,39
0.746148,36
0.747467,47
0.748774,44
0.750081,33
0.751400,39
0.752709,43
0.754016,42
0.755325,26
0.756632,33
0.757951,43
0.759269,36
0.760584,35
0.761934,40
0.763283,33
0.764591,28
0.765898,30
0.767205,36
0.768512,42
0.769820,26
0.771127,36
0.772437,41
0.773736,41
0.775044,34
0.776354,36
0.777661,46
0.778969,48
0.780278,37
0.781585,47
0.782894,48
0.784192,41
0.785547,38
0.786854,44
0.788163,53
0.789470,46
0.790780,46
0.792099,52
0.793409,46
0.794716,37
0.796023,46
0.797330,54
0.798637,59
0.799945,51
0.801253,51
0.802570,58
0.803879,52
0.805186,41
0.806494,48
0.807802,58
0.809109,56
0.810416,47
0.811724,53
0.813041,51
0.814350,50
0.815658,43
0.816966,50
0.818273,58
0.819580,53
0.820889,46
0.822196,53
0.823513,50
0.824822,44
0.826128,51
0.827436,53
0.828750,55
0.830055,42
0.831366,44
0.832674,46
0.833989,51
0.835298,41
0.836605,38
0.837912,44
0.839218,41
0.840525,35
0.841831,40
0.843139,44
0.844456,47
0.845765,33
0.847072,32
0.848389,42
0.849704,31
0.851026,32
0.852342,35
0.853649,42
0.854950,28
0.856307,30
0.857622,44
0.858938,37
0.860289,33
0.861593,33
0.862902,42
0.864236,29
0.865549,30
0.866856,38
0.868163,42
0.869471,30
0.870779,36
0.872087,30
0.873394,42
0.874719,27
0.876052,29
0.877357,43
0.878664,42
0.879973,35
0.881290,40
0.882596,46
0.883903,46
0.885212,36
0.886524,41
0.887832,54
0.889139,46
0.890447,46
0.891755,46
0.893062,49
0.894370,42
0.895680,44
0.896983,49
0.898290,61
0.899598,45
0.900915,47
0.902228,55
0.903540,54
0.904854,41
0.906166,46
0.907473,59
0.908785,59
0.910096,48
0.911409,50
0.912726,53
0.914055,53
0.915399,45
0.916719,52
0.918046,50
0.919355,50
0.920681,52
0.921996,49
0.923308,48
0.924618,46
0.925926,49
0.927228,58
0.928536,51
0.929843,50
0.931151,49
0.932470,54
0.933783,43
0.935097,38
0.936428,49
0.937741,50
0.939060,54
0.940375,46
0.941687,46
0.942996,42
0.944305,40
0.945653,40
0.946984,45
0.948295,35
0.949604,41
0.950911,41
0.952327,37
0.953636,34
0.954950,43
0.956308,45
0.957619,34
0.958932,29
0.960263,38
0.961575,25
0.962883,33
0.964201,42
0.965541,45
0.966858,32
0.968175,35
0.969486,38
0.970806,31
0.972115,32
0.973422,32
0.974734,36
0.976052,31
0.977359,33
0.978667,32
0.979976,35
0.981284,38
0.982591,30
0.983900,39
0.985212,54
0.986518,30
0.987827,40
0.989136,35
0.990444,41
0.991751,35
0.993059,33
0.994367,46
0.995677,43
0.996983,38
0.998298,47
0.999610,49
1.000918,48
1.002225,39
1.003532,42
1.004841,51
1.006150,49
1.007447,42
1.008933,43
1.010242,46
1.011548,43
1.012855,54
1.014163,59
1.015483,51
1.016788,49
1.018095,50
1.019402,50
1.020712,47
1.022020,47
1.023327,53
1.024636,60
1.025958,44
1.027264,49
1.028571,51
1.029878,57
1.031186,44
1.032494,49
1.033801,55
1.035119,57
1.036427,51
1.037734,49
1.039041,50
1.040359,49
1.041670,44
1.042975,56
1.044284,57
1.045599,47
1.046906,46
1.048274,55
1.049584,49
1.050891,37
1.052197,42
1.053526,47
1.054836,46
1.056144,41
1.057447,37
1.058758,45
1.060066,41
1.061373,33
1.062680,39
1.063989,45
1.065296,32
1.066606,40
1.067914,39
1.069224,43
1.070533,33
1.071841,29
1.073148,41
1.074482,45
1.075823,32
1.077142,34
1.078453,37
1.079770,32
1.081073,26
1.082382,40
1.083695,40
1.085014,35
1.086359,36
1.087701,33
1.089013,37
1.090333,33
1.091646,40
1.092964,47
1.094280,41
1.095598,43
1.096907,43
1.098213,42
1.099521,40
1.100837,34
1.102147,51
1.103454,52
1.104762,37
1.106078,48
1.107386,47
1.108693,48
1.109999,38
1.111307,43
1.112618,57
1.113931,57
1.115239,44
1.116582,54
1.117913,51
1.119219,45
1.120529,48
1.121836,48
1.123145,60
1.124453,46
1.125761,47
1.127072,53
1.128381,52
1.129687,44
1.130994,48
1.132302,54
1.133609,60
1.134917,52
1.136299,47
1.137610,58
1.138917,50
1.140243,49
1.141550,50
1.142857,63
1.144166,50
1.145474,48
1.146809,54
1.148146,52
1.149453,40
1.150760,49
1.152072,49
1.153385,45
1.154697,47
1.156005,51
1.157313,46
1.158611,45
1.159922,38
1.161228,46
1.162535,46
1.163842,32
1.165152,43
1.166460,48
1.167770,39
1.169076,37
1.170383,32
1.171692,46
1.172997,44
1.174304,28
1.175614,36
1.176922,34
1.178234,41
1.179540,30
1.180852,30
1.182155,36
1.183462,41
1.184768,28
1.186077,32
1.187385,33
1.188698,38
1.190027,39
1.191344,38
1.192654,47
1.193961,36
1.195268,41
1.196576,47
1.197886,49
1.199206,34
1.200512,39
1.201820,49
1.203128,57
1.204443,39
1.205750,45
1.207063,50
1.208382,45
1.209690,43
1.210996,42
1.212305,59
1.213613,55
1.214920,41
1.216261,50
1.217568,53
1.218904,50
1.220302,45
1.221613,59
1.222919,53
1.224246,46
1.225555,54
1.226873,54
1.228243,46
1.229565,49
1.230894,59
1.232202,51
1.233538,47
1.234843,54
1.236151,54
1.237467,47
1.238774,47
1.240083,51
1.241390,63
1.242702,45
1.244013,47
1.245328,49
1.246645,46
1.248006,44
1.249347,44
1.250657,56
1.251969,45
1.253288,44
1.254603,51
1.255924,44
1.257340,40
1.258663,47
1.259990,48
1.261303,43
1.262624,41
1.263950,46
1.265271,39
1.266642,29
1.267968,45
1.269292,31
1.270612,37
1.271941,37
1.273258,35
1.274582,29
1.275906,34
1.277275,37
1.278592,30
1.279917,33
1.281231,31
1.282548,41
1.283863,25
1.285213,31
1.286562,41
1.287877,26
1.289195,37
1.290524,30
1.291855,39
1.293172,32
1.294491,34
1.295836,49
1.297149,34
1.298470,46
1.299787,46
1.301104,47
1.302416,41
1.303740,40
1.305049,53
1.306359,52
1.307669,45
1.308976,47
1.310282,51
1.311592,51
1.312901,43
1.314217,48
1.315536,63
1.316837,51
1.318145,49
1.319455,57
1.320765,52
1.322074,45
1.323382,48
1.324718,51
1.326055,51
1.327366,49
1.328674,52
1.329982,54
1.331290,48
1.332618,48
1.333987,49
1.335310,52
1.336627,47
1.337934,48
1.339239,56
1.340554,45
1.341866,45
1.343178,49
1.344521,54
1.345835,43
1.347158,45
1.348481,47
1.349787,50
1.351095,38
1.352404,42
1.353724,49
1.355033,36
1.356343,41
1.357648,39
1.358955,39
1.360269,37
1.361572,32
1.362881,40
1.364198,37
1.365538,28
1.366845,31
1.368165,35
1.369472,40
1.370781,23
1.372090,27
1.373402,40
1.374718,35
1.376057,31
1.377363,41
1.378672,39
1.379979,37
1.381287,33
1.382594,39
1.383901,44
1.385212,37
1.386518,40
1.387827,39
1.389138,46
1.390444,37
1.391753,37
1.393063,44
1.394369,53
1.395679,44
1.396984,48
1.398293,43
1.399600,52
1.400909,41
1.402221,42
1.403527,55
1.404835,56
1.406144,39
1.407448,51
1.408763,50
1.410075,51
1.411388,47
1.412707,51
1.414023,54
1.415361,49
1.416684,49
1.417988,58
1.419296,54
1.420604,50
1.421915,47
1.423223,51
1.424532,46
1.425848,48
1.427175,43
1.428495,49
1.429805,49
1.431120,42
1.432453,47
1.433762,60
1.435071,45
1.436382,44
1.437687,48
1.438995,44
1.440302,34
1.441612,39
1.442923,42
1.444246,42
1.445555,37
1.446873,40
1.448181,36
1.449491,39
1.450796,36
1.452109,35
1.453438,33
1.454749,32
1.456071,36
1.457379,33
1.458687,43
1.459995,29
1.461303,27
1.462609,37
1.463916,39
1.465223,30
1.466540,37
1.467848,37
1.469155,33
1.470462,28
1.471769,36
1.473076,45
1.474383,46
1.475691,35
1.477006,46
1.478314,45
1.479621,47
1.480929,42
1.482236,44
1.483544,51
1.484851,48
1.486159,43
1.487474,49
1.488783,49
1.490089,44
1.491396,44
1.492703,52
1.494008,56
1.495315,51
1.496623,45
1.497938,55
1.499246,49
1.500554,45
1.501861,48
1.503167,46
1.504475,64
1.505784,48
1.507092,54
1.508446,55
1.509770,56
1.511074,44
1.512384,47
1.513691,55
1.514996,51
1.516309,47
1.517615,54
1.518915,51
1.520320,43
1.521628,41
1.522936,48
1.524248,40
1.525556,47
1.526861,43
1.528287,43
1.529598,31
1.530909,41
1.532245,46
1.533555,34
1.534861,39
1.536169,35
1.537523,39
1.538864,32
1.540179,30
1.541532,36
1.542841,27
1.544150,32
1.545457,30
1.546773,37
1.548082,28
1.549389,28
1.550697,42
1.552010,38
1.553312,24
1.554620,40
1.555927,37
1.557243,44
1.558558,29
1.559865,38
1.561175,48
1.562481,48
1.563791,32
1.565101,47
1.566407,51
1.567740,49
1.569234,40
1.570554,52
1.571856,43
1.573164,49
1.574472,47
1.575778,51
1.577087,45
1.578396,40
1.579704,56
1.581012,53
1.582320,48
1.583627,48
1.584935,54
1.586259,50
1.587582,43
1.588889,54
1.590197,56
1.591504,54
1.592811,51
1.594119,52
1.595425,52
1.596734,46
1.598053,48
1.599361,49
1.600668,66
1.601976,49
1.603282,53
1.604591,51
1.605906,53
1.607227,46
1.608536,46
1.609845,52
1.611154,49
1.612457,50
1.613765,45
1.615076,45
1.616382,45
1.617697,38
1.619008,39
1.620314,45
1.621621,35
1.622929,42
1.624239,35
1.625545,38
1.626851,33
1.628168,29
1.629477,42
1.630789,43
1.632091,29
1.633400,36
1.634719,36
1.636032,39
1.637400,30
1.638721,33
1.640036,43
1.641343,35
1.642650,36
1.643958,40
1.645277,43
1.646592,42
1.647918,34
1.649236,44
1.650545,48
1.651852,32
1.653161,48
1.654470,46
1.655776,50
1.657086,40
1.658401,44
1.659712,55
1.661018,49
1.662325,44
1.663632,50
1.664940,52
1.666248,54
1.667556,48
1.668877,48
1.670187,63
1.671494,49
1.672800,51
1.674107,56
1.675414,50
1.676720,50
1.678027,52
1.679371,53
1.680701,52
1.682007,51
1.683314,48
1.684622,51
1.685928,55
1.687235,49
1.688543,48
1.689845,55
1.691168,51
1.692476,51
1.693783,53
1.695090,51
1.696397,48
1.697703,37
1.699010,56
1.700329,54
1.701634,48
1.702941,42
1.704262,51
1.705568,48
1.706874,41
1.708181,41
1.709488,42
1.710836,49
1.712144,39
1.713461,43
1.714776,48
1.716086,33
1.717393,32
1.718702,46
1.720019,45
1.721340,33
1.722650,41
1.723957,40
1.725263,40
1.726571,34
1.727879,33
1.729191,48
1.730532,41
1.731872,39
1.733183,37
1.734491,40
1.735798,34
1.737106,29
1.738414,43
1.739723,43
1.741031,25
1.742332,36
1.743637,36
1.744954,40
1.746268,28
1.747586,26
1.748902,38
1.750207,44
1.751530,29
1.752834,42
1.754141,35
1.755448,41
1.756756,32
1.758064,33
1.759371,54
1.760712,47
1.762036,38
1.763347,43
1.764662,53
1.765982,37
1.767289,43
1.768595,49
1.769904,58
1.771228,43
1.772565,50
1.773874,44
1.775180,49
1.776489,43
1.777797,47
1.779107,59
1.780418,54
1.781731,46
1.783031,51
1.784341,53
1.785647,48
1.786956,45
1.788267,50
1.789574,62
1.790882,51
1.792189,50
1.793551,50
1.794864,53
1.796169,43
1.797476,50
1.798784,56
1.800092,53
1.801410,52
1.802718,52
1.804027,53
1.805332,45
1.806639,45
1.807948,44
1.809255,56
1.810562,41
1.811880,49
1.813188,47
1.814495,49
1.815803,40
1.817113,37
1.818419,43
1.819734,46
1.821038,33
1.822355,44
1.823665,40
1.824972,36
1.826280,29
1.827586,32
1.828896,36
1.830211,41
1.831525,30
1.832858,34
1.834195,35
1.835504,25
1.836813,33
1.838120,38
1.839428,37
1.840736,25
1.842045,36
1.843351,31
1.844659,38
1.845966,21
1.847274,30
1.848582,38
1.849889,48
1.851196,29
1.852505,33
1.853817,34
1.855137,36
1.856450,34
1.857764,34
1.859081,50
1.860392,40
1.861698,42
1.863006,41
1.864332,45
1.865636,36
1.866953,35
1.868286,43
1.869605,46
1.870918,34
1.872302,47
1.873623,44
1.874931,34
1.876242,33
1.877549,51
1.878857,51
1.880164,36
1.881478,48
1.882802,41
1.884115,46
1.885421,39
1.886730,43
1.888039,48
1.889347,46
1.890654,44
1.891961,42
1.893278,44
1.894587,44
1.895894,42
1.897205,50
1.898509,53
1.899817,47
1.901123,45
1.902430,49
1.903747,51
1.905055,45
1.906566,53
1.907878,57
1.909181,47
1.910489,51
1.911796,49
1.913092,51
1.914425,45
1.915738,46
1.917048,60
1.918354,50
1.919660,46
1.920968,51
1.922278,50
1.923585,42
1.924892,44
1.926200,49
1.927508,61
1.928814,51
1.930122,46
1.931429,55
1.932745,48
1.934051,43
1.935360,49
1.936668,50
1.937975,66
1.939283,49
1.940590,49
1.941898,55
1.943206,56
1.944516,44
1.945826,45
1.947134,54
1.948442,51
1.949748,51
1.951055,51
1.952361,52
1.953670,48
1.954979,39
1.956291,50
1.957608,53
1.958919,39
1.960264,39
1.961580,47
1.962888,42
1.964274,40
1.965590,43
1.966898,46
1.968223,33
1.969544,40
1.970856,43
1.972173,42
1.973539,30
1.974855,36
1.976162,46
1.977472,37
1.978777,36
1.980085,38
1.981391,37
1.982698,29
1.984029,29
1.985359,36
1.986671,40
1.987980,25
1.989287,39
1.990595,36
1.991902,33
1.993211,27
1.994521,32
1.995820,42
1.997131,38
1.998436,35
1.999743,41
2.001052,38
2.002359,36
2.003666,32
2.004981,45
2.006286,51
2.007596,45
2.008903,41
2.010209,46
2.011516,46
2.012828,44
2.014139,37
2.015455,45
2.016752,61
2.018059,47
2.019365,50
2.020674,52
2.021984,52
2.023292,44
2.024599,45
2.025910,55
2.027217,60
2.028525,42
2.029832,48
2.031140,54
2.032447,54
2.033794,46
2.035105,48
2.036434,60
2.037734,51
2.039041,51
2.040349,53
2.041656,54
2.042964,48
2.044271,47
2.045589,53
2.046898,57
2.048263,54
2.049570,50
2.050879,56
2.052189,55
2.053543,50
2.054855,50
2.056163,62
2.057463,48
2.058779,48
2.060095,49
2.061416,50
2.062733,40
2.064042,43
2.065362,51
2.066671,45
2.068001,42
2.069336,43
2.070654,44
2.071975,34
2.073294,38
2.074605,45
2.075913,50
2.077249,38
2.078557,38
2.079867,45
2.081178,38
2.082485,34
2.083792,37
2.085101,45
2.086423,34
2.087731,35
2.089038,39
2.090349,44
2.091661,29
2.092971,28
2.094279,42
2.095598,43
2.096904,26
2.098211,35
2.099522,33
2.100831,38
2.102137,32
2.103446,36
2.104754,44
2.106071,47
2.107381,37
2.108686,45
2.109995,47
2.111302,44
2.112611,35
2.113920,43
2.115228,56
2.116550,48
2.117860,41
2.119168,50
2.120476,48
2.121788,41
2.123099,48
2.124407,48
2.125714,57
2.127045,44
2.128381,51
2.129694,48
2.130999,52
2.132306,50
2.133617,48
2.134924,57
2.136236,55
2.137544,48
2.138859,55
2.140168,55
2.141475,52
2.142781,42
2.144091,53
2.145401,61
2.146708,52
2.148017,50
2.149315,60
2.150626,55
2.151932,51
2.153239,44
2.154544,48
2.155854,68
2.157161,51
2.158469,49
2.159774,53
2.161082,55
2.162391,50
2.163697,46
2.165003,50
2.166314,48
2.167621,48
2.168933,45
2.170239,53
2.171549,51
2.172858,46
2.174166,46
2.175471,49
2.176781,47
2.178089,44
2.179399,41
2.180705,48
2.182015,39
2.183325,32
2.184632,42
2.185941,40
2.187259,30
2.188568,39
2.189877,35
2.191193,34
2.192507,26
2.193823,28
2.195132,37
2.196440,43
2.197748,28
2.199057,32
2.200379,32
2.201685,36
2.202992,31
2.204302,34
2.205612,44
2.206920,40
2.208252,36
2.209605,45
2.210938,49
2.212263,33
2.213571,40
2.214880,55
2.216189,49
2.217522,41
2.218841,46
2.220152,51
2.221458,42
2.222764,46
2.224073,48
2.225382,59
2.226691,49
2.227999,49
2.229327,51
2.230638,58
2.231944,41
2.233251,46
2.234561,53
2.235869,58
2.237183,47
2.238497,51
2.239835,54
2.241174,49
2.242482,47
2.243789,50
2.245097,58
2.246408,49
2.247716,54
2.249036,55
2.250349,51
2.251666,44
2.252971,47
2.254276,52
2.255584,47
2.256894,48
2.258202,41
2.259510,53
2.260829,43
2.262136,38
2.263445,42
2.264751,45
2.266059,34
2.267369,40
2.268680,37
2.270012,44
2.271323,29
2.272634,32
2.273942,37
2.275248,43
2.276557,29
2.277865,33
2.279173,29
2.280490,40
2.281798,22
2.283107,35
2.284414,43
2.285720,41
2.287034,30
2.288345,38
2.289654,39
2.291000,38
2.292334,34
2.293643,47
2.294953,48
2.296260,31
2.297568,41
2.298876,37
2.300187,48
2.301512,37
2.302827,41
2.304126,55
2.305438,50
2.306748,40
2.308059,50
2.309364,50
2.310673,47
2.311992,41
2.313305,50
2.314617,56
2.315947,48
2.317267,48
2.318576,56
2.319885,54
2.321202,48
2.322517,53
2.323830,51
2.325145,48
2.326460,48
2.327779,50
2.329102,59
2.330422,51
2.331732,43
2.333030,50
2.334337,59
2.335647,48
2.336960,46
2.338270,51
2.339578,53
2.340887,44
2.342197,44
2.343501,51
2.344809,51
2.346122,47
2.347429,45
2.348735,52
2.350044,43
2.351352,44
2.352661,39
2.353961,47
2.355268,40
2.356575,41
2.357882,41
2.359196,45
2.360499,43
2.361807,30
2.363123,38
2.364428,43
2.365734,36
2.367041,39
2.368354,38
2.369661,38
2.370969,30
2.372278,30
2.373584,36
2.374891,43
2.376194,30
2.377521,37
2.378829,32
2.380140,39
2.381447,33
2.382754,27
2.384061,48
2.385358,41
2.386665,29
2.387976,39
2.389285,38
2.390592,40
2.391909,32
2.393217,36
2.394525,55
2.395831,48
2.397139,36
2.398448,45
2.399757,46
2.401065,46
2.402374,41
2.403682,48
2.404991,55
2.406288,49
2.407599,43
2.408907,54
2.410216,46
2.411524,44
2.412850,41
2.414191,51
2.415510,57
2.416822,45
2.418129,47
2.419436,54
2.420746,50
2.422068,46
2.423389,48
2.424732,61
2.426070,50
2.427382,44
2.428699,56
2.430003,53
2.431309,44
2.432617,45
2.433926,57
2.435238,49
2.436543,47
2.437850,52
2.439159,53
2.440468,50
2.441777,43
2.443086,50
2.444397,53
2.445716,44
2.447024,43
2.448335,48
2.449657,45
2.450976,41
2.452287,35
2.453593,46
2.454909,49
2.456276,39
2.457585,38
2.458894,39
2.460202,38
2.461560,29
2.462868,44
2.464174,39
2.465494,33
2.466799,39
2.468108,37
2.469416,36
2.470724,27
2.472031,35
2.473339,39
2.474658,38
2.475965,34
2.477272,35
2.478580,37
2.479888,33
2.481195,35
2.482502,39
2.483810,51
2.485128,43
2.486436,41
2.487742,45
2.489051,43
2.490357,37
2.491663,40
2.492971,44
2.494280,52
2.495596,45
2.496904,46
2.498210,52
2.499517,49
2.500823,46
2.502135,48
2.503448,47
2.504756,54
2.506071,47
2.507382,54
2.508692,54
2.509995,56
2.511303,45
2.512612,48
2.513920,52
2.515226,49
2.516552,50
2.517865,50
2.519181,53
2.520498,47
2.521817,41
2.523125,49
2.524433,61
2.525739,46
2.527042,47
2.528387,51
2.529699,50
2.531012,37
2.532336,45
2.533656,53
2.534963,36
2.536283,47
2.537593,44
2.538902,39
2.540237,34
2.541544,34
2.542851,46
2.544160,45
2.545467,34
2.546812,40
2.548148,41
2.549456,31
2.550762,30
2.552070,33
2.553382,40
2.554691,24
2.555999,41
2.557318,33
2.558629,39
2.559938,27
2.561245,26
2.562551,43
2.563863,44
2.565167,32
2.566475,40
2.567783,41
2.569080,44
2.570386,35
2.571693,36
2.573001,45
2.574308,47
2.575615,38
2.576922,41
2.578234,44
2.579541,47
2.580890,43
2.582201,48
2.583508,56
2.584816,45
2.586123,45
2.587431,49
2.588751,55
2.590058,47
2.591365,45
2.592671,51
2.593979,63
2.595286,52
2.596593,50
2.597912,57
2.599223,57
2.600529,47
2.601835,47
2.603142,55
2.604450,53
2.605757,54
2.607062,48
2.608385,55
2.609694,54
2.611001,47
2.612317,50
2.613630,60
2.614937,51
2.616244,51
2.617551,58
2.618866,54
2.620173,49
2.621479,46
2.622788,50
2.624095,58
2.625400,45
2.626707,47
2.628015,51
2.629339,43
2.630660,42
2.631976,39
2.633285,45
2.634591,42
2.635899,43
2.637215,43
2.638529,41
2.639855,38
2.641180,32
2.642497,40
2.643811,43
2.645121,32
2.646426,37
2.647734,40
2.649050,37
2.650379,30
2.651683,34
2.652992,37
2.654300,40
2.655608,32
2.656925,40
2.658234,36
2.659553,38
2.660866,30
2.662170,45
2.663481,46
2.664791,36
2.666095,32
2.667402,43
2.668710,47
2.670024,41
2.671333,36
2.672638,43
2.673944,50
2.675252,36
2.676559,45
2.677869,52
2.679172,49
2.680489,46
2.681798,41
2.683105,51
2.684413,57
2.685719,48
2.687032,49
2.688333,57
2.689640,53
2.690954,50
2.692264,47
2.693571,59
2.694878,52
2.696186,51
2.697541,53
2.698850,50
2.700158,45
2.701461,47
2.702799,52
2.704108,53
2.705414,51
2.706722,51
2.708030,57
2.709336,51
2.710643,44
2.711955,47
2.713261,52
2.714569,50
2.715879,49
2.717191,45
2.718502,51
2.719811,46
2.721122,38
2.722432,41
2.723741,46
2.725048,36
2.726354,42
2.727660,40
2.728970,40
2.730277,28
2.731584,34
2.732897,39
2.734195,34
2.735508,24
2.736823,38
2.738137,35
2.739448,40
2.740757,25
2.742063,31
2.743373,41
2.744674,45
2.745982,31
2.747287,36
2.748617,36
2.749934,37
2.751244,37
2.752589,37
2.753903,50
2.755210,38
2.756518,42
2.757827,46
2.759135,51
2.760442,40
2.761749,38
2.763091,52
2.764399,52
2.765704,42
2.767011,47
2.768321,55
2.769632,51
2.770939,39
2.772251,45
2.773555,55
2.774901,50
2.776233,45
2.777542,50
2.778848,51
2.780157,38
2.781464,49
2.782770,53
2.784090,54
2.785396,51
2.786704,50
2.788011,54
2.789319,53
2.790626,45
2.791932,51
2.793241,52
2.794562,53
2.795870,48
2.797179,50
2.798484,52
2.799792,43
2.801100