0.061844,-1.000000
0.062166,-1.000000
0.063050,0.000000
0.064202,-2.000000
0.065365,-2.000000
0.066534,-3.000000
0.067693,-2.000000
0.068859,-2.000000
0.070018,-1.000000
0.071184,-1.000000
0.072366,0.000000
0.073508,-1.000000
0.074669,-2.000000
0.075838,-2.000000
0.076998,-2.000000
0.078155,-2.000000
0.079318,-2.000000
0.080481,-2.000000
0.081645,-3.000000
0.082805,-2.000000
0.083970,-1.000000
0.085135,-1.000000
0.086301,-2.000000
0.087463,-2.000000
0.088622,-1.000000
0.089790,-1.000000
0.090946,-1.000000
0.092111,-1.000000
0.093274,-1.000000
0.094437,-1.000000
0.095601,-2.000000
0.096764,-2.000000
0.097928,-2.000000
0.099089,-1.000000
0.100251,-1.000000
0.101416,-1.000000
0.102586,0.000000
0.103739,-1.000000
0.104900,-1.000000
0.106062,-1.000000
0.107228,-1.000000
0.108392,-1.000000
0.109555,-1.000000
0.110716,-1.000000
0.111885,-1.000000
0.113045,-2.000000
0.114204,-2.000000
0.115366,-2.000000
0.116533,-2.000000
0.117696,-1.000000
0.118857,-1.000000
0.120019,-1.000000
0.121183,-1.000000
0.122346,-1.000000
0.123567,-2.000000
0.124671,-2.000000
0.125830,-1.000000
0.126996,-1.000000
0.128159,-1.000000
0.129322,0.000000
0.130484,-2.000000
0.131647,-2.000000
0.132810,-2.000000
0.133968,-2.000000
0.135131,-2.000000
0.136300,-2.000000
0.137462,-1.000000
0.138624,-1.000000
0.139787,-2.000000
0.140949,-2.000000
0.142112,-1.000000
0.143275,-1.000000
0.144433,-1.000000
0.145596,-2.000000
0.146763,-1.000000
0.147927,-1.000000
0.149089,-1.000000
0.150252,-1.000000
0.151414,-1.000000
0.152578,-1.000000
0.153742,-1.000000
0.154898,-1.000000
0.156061,-1.000000
0.157229,-1.000000
0.158392,-2.000000
0.159554,0.000000
0.160717,0.000000
0.161879,-1.000000
0.163043,-2.000000
0.164259,-2.000000
0.165363,-2.000000
0.166527,-2.000000
0.167694,-2.000000
0.168856,-1.000000
0.170020,-2.000000
0.171182,-2.000000
0.172345,-2.000000
0.173504,-2.000000
0.174666,-1.000000
0.175829,0.000000
0.176997,-1.000000
0.178159,-2.000000
0.179322,-2.000000
0.180484,-2.000000
0.181648,-2.000000
0.182810,-1.000000
0.183969,-1.000000
0.185131,-1.000000
0.186293,-1.000000
0.187462,-2.000000
0.188624,-2.000000
0.189788,-2.000000
0.190953,-2.000000
0.192113,-1.000000
0.193275,-1.000000
0.194435,-1.000000
0.195596,-1.000000
0.196759,-1.000000
0.197927,-2.000000
0.199089,-2.000000
0.200252,-2.000000
0.201415,-2.000000
0.202578,-2.000000
0.203740,-1.000000
0.204910,-2.000000
0.206061,-2.000000
0.207224,-1.000000
0.208392,-1.000000
0.209554,-1.000000
0.210717,-1.000000
0.211880,-2.000000
0.213043,-1.000000
0.214205,-1.000000
0.215368,-1.000000
0.216526,-1.000000
0.217689,-2.000000
0.218857,-2.000000
0.220019,-2.000000
0.221182,-2.000000
0.222345,-2.000000
0.223508,-2.000000
0.224671,-2.000000
0.225839,-2.000000
0.226991,-2.000000
0.228154,-1.000000
0.229322,-2.000000
0.230485,-1.000000
0.231648,-1.000000
0.232810,-1.000000
0.233973,-1.000000
0.235135,-2.000000
0.236297,-2.000000
0.237456,-2.000000
0.238619,-1.000000
0.239786,0.000000
0.240949,-1.000000
0.242112,-1.000000
0.243275,-2.000000
0.244438,-1.000000
0.245601,-1.000000
0.246758,-1.000000
0.247921,-1.000000
0.249084,-1.000000
0.250252,-2.000000
0.251415,-2.000000
0.252581,-1.000000
0.253750,-1.000000
0.254905,-2.000000
0.256070,-2.000000
0.257304,-1.000000
0.258389,-2.000000
0.259551,-1.000000
0.260718,-1.000000
0.261880,-2.000000
0.263044,-1.000000
0.264230,-1.000000
0.265373,-1.000000
0.266533,-2.000000
0.267690,-1.000000
0.268854,-2.000000
0.270021,-1.000000
0.271182,-2.000000
0.272345,-2.000000
0.273508,-1.000000
0.274671,-2.000000
0.275833,-1.000000
0.277027,-2.000000
0.278154,-2.000000
0.279317,-2.000000
0.280485,-1.000000
0.281648,-2.000000
0.282818,-2.000000
0.283973,-1.000000
0.285136,-1.000000
0.286299,-1.000000
0.287457,-2.000000
0.288619,-1.000000
0.289787,-3.000000
0.290950,-2.000000
0.292113,0.000000
0.293275,-1.000000
0.294438,-1.000000
0.295601,-1.000000
0.296769,0.000000
0.297921,-1.000000
0.299084,-1.000000
0.300253,-1.000000
0.301415,-1.000000
0.302577,-1.000000
0.303740,-2.000000
0.304903,-1.000000
0.306066,-2.000000
0.307229,-2.000000
0.308387,-2.000000
0.309549,0.000000
0.310717,-1.000000
0.311880,-1.000000
0.313043,-2.000000
0.314205,-2.000000
0.315368,-2.000000
0.316531,-1.000000
0.317694,-2.000000
0.318852,-1.000000
0.320014,-1.000000
0.321257,-3.000000
0.322345,-3.000000
0.323508,-2.000000
0.324670,-2.000000
0.325834,-2.000000
0.326996,-2.000000
0.328154,-1.000000
0.329318,-2.000000
0.330485,-2.000000
0.331647,-2.000000
0.332810,-2.000000
0.333973,-3.000000
0.335135,-2.000000
0.336298,-1.000000
0.337494,-1.000000
0.338619,-3.000000
0.339783,-2.000000
0.340950,-2.000000
0.342113,-1.000000
0.343276,-2.000000
0.344439,-1.000000
0.345601,-1.000000
0.346763,0.000000
0.347926,-1.000000
0.349085,-1.000000
0.350252,-1.000000
0.351415,-1.000000
0.352578,-1.000000
0.353741,-2.000000
0.354903,-1.000000
0.356066,0.000000
0.357238,-1.000000
0.358389,-2.000000
0.359553,-1.000000
0.360718,-1.000000
0.361880,-1.000000
0.363043,0.000000
0.364284,-1.000000
0.365368,-1.000000
0.366531,-1.000000
0.367769,-1.000000
0.368855,-1.000000
0.370015,-1.000000
0.371184,-2.000000
0.372345,-2.000000
0.373508,-2.000000
0.374670,-2.000000
0.375833,-1.000000
0.377002,0.000000
0.378153,-1.000000
0.379317,-2.000000
0.380484,-2.000000
0.381647,-1.000000
0.382811,-2.000000
0.383973,-1.000000
0.385136,-1.000000
0.386299,-1.000000
0.387461,-2.000000
0.388619,-2.000000
0.389782,-2.000000
0.390950,-1.000000
0.392113,-2.000000
0.393275,-1.000000
0.394438,-1.000000
0.395602,-1.000000
0.396764,-1.000000
0.397929,-2.000000
0.399084,-2.000000
0.400248,-2.000000
0.401416,-1.000000
0.402577,-2.000000
0.403740,-2.000000
0.404903,-1.000000
0.406066,-2.000000
0.407229,-2.000000
0.408391,-2.000000
0.409549,-2.000000
0.410712,-3.000000
0.411880,-2.000000
0.413043,0.000000
0.414206,0.000000
0.415368,-1.000000
0.416531,-1.000000
0.417694,-2.000000
0.418880,-2.000000
0.420015,-2.000000
0.421178,-1.000000
0.422345,-1.000000
0.423508,-1.000000
0.424670,-1.000000
0.425833,-1.000000
0.426996,-1.000000
0.428159,-2.000000
0.429353,-1.000000
0.430479,-1.000000
0.431643,-2.000000
0.432810,-1.000000
0.433973,-2.000000
0.435136,-1.000000
0.436299,-2.000000
0.437461,-2.000000
0.438624,-1.000000
0.439827,-1.000000
0.440945,-2.000000
0.442107,-1.000000
0.443275,-1.000000
0.444438,-1.000000
0.445601,-2.000000
0.446764,-2.000000
0.447927,-1.000000
0.449089,-2.000000
0.450305,-2.000000
0.451410,-2.000000
0.452573,-1.000000
0.453740,-1.000000
0.454903,-2.000000
0.456066,-2.000000
0.457229,-1.000000
0.458392,-1.000000
0.459554,-2.000000
0.460773,-1.000000
0.461875,-2.000000
0.463038,-2.000000
0.464251,-2.000000
0.465368,-2.000000
0.466531,-2.000000
0.467694,-3.000000
0.468857,-1.000000
0.470019,-2.000000
0.471180,-2.000000
0.472341,-1.000000
0.473512,-2.000000
0.474672,-1.000000
0.475833,-1.000000
0.476996,-1.000000
0.478159,-2.000000
0.479322,-1.000000
0.480515,-1.000000
0.481645,-1.000000
0.482807,-1.000000
0.483975,-1.000000
0.485137,-2.000000
0.486298,-2.000000
0.487461,-2.000000
0.488624,-1.000000
0.489787,-1.000000
0.490945,0.000000
0.492107,0.000000
0.493276,-1.000000
0.494438,-1.000000
0.495601,-1.000000
0.496763,-2.000000
0.497926,-2.000000
0.499089,-2.000000
0.500304,-1.000000
0.501410,-1.000000
0.502573,-2.000000
0.503741,-2.000000
0.504904,-1.000000
0.506066,-1.000000
0.507228,0.000000
0.508392,0.000000
0.509549,0.000000
0.510712,0.000000
0.511882,-2.000000
0.513043,-1.000000
0.514206,-2.000000
0.515368,-2.000000
0.516530,-1.000000
0.517694,-1.000000
0.518863,-1.000000
0.520014,-1.000000
0.521177,-1.000000
0.522346,-1.000000
0.523508,-1.000000
0.524671,-2.000000
0.525833,-2.000000
0.526996,-2.000000
0.528159,-1.000000
0.529323,-1.000000
0.530479,-1.000000
0.531642,0.000000
0.532810,-1.000000
0.533973,-1.000000
0.535136,-1.000000
0.536299,-1.000000
0.537461,-1.000000
0.538624,-1.000000
0.539787,-1.000000
0.540945,-2.000000
0.542107,-1.000000
0.543276,-2.000000
0.544438,0.000000
0.545601,-1.000000
0.546763,-1.000000
0.547926,-2.000000
0.549089,-2.000000
0.550252,-1.000000
0.551410,-1.000000
0.552573,-2.000000
0.553741,-2.000000
0.554903,-3.000000
0.556066,-1.000000
0.557229,-1.000000
0.558391,-1.000000
0.559554,-2.000000
0.560714,-2.000000
0.561874,-1.000000
0.563038,0.000000
0.564202,0.000000
0.565369,-2.000000
0.566531,-2.000000
0.567694,-1.000000
0.568856,-1.000000
0.570019,-1.000000
0.571180,-1.000000
0.572340,-1.000000
0.573503,-1.000000
0.574671,-2.000000
0.575834,-2.000000
0.576996,-2.000000
0.578159,-3.000000
0.579321,-2.000000
0.580484,-2.000000
0.581650,0.000000
0.582805,-1.000000
0.583968,-1.000000
0.585135,-1.000000
0.586299,-1.000000
0.587461,-1.000000
0.588624,-1.000000
0.589787,-1.000000
0.590949,-2.000000
0.592112,-2.000000
0.593270,-1.000000
0.594433,-1.000000
0.595601,-1.000000
0.596764,-2.000000
0.597927,-2.000000
0.599089,0.000000
0.600252,0.000000
0.601415,0.000000
0.602584,-1.000000
0.603735,0.000000
0.604898,-1.000000
0.606066,-3.000000
0.607229,-2.000000
0.608392,-1.000000
0.609558,-1.000000
0.610721,-1.000000
0.611882,-2.000000
0.613086,-2.000000
0.614202,-1.000000
0.615364,-1.000000
0.616531,-1.000000
0.617694,0.000000
0.618857,-2.000000
0.620020,-2.000000
0.621182,-2.000000
0.622347,-1.000000
0.623505,-1.000000
0.624666,-1.000000
0.625838,-3.000000
0.626998,-2.000000
0.628160,-2.000000
0.629322,-1.000000
0.630485,-1.000000
0.631649,-2.000000
0.632830,-1.000000
0.633968,-1.000000
0.635133,-2.000000
0.636301,-2.000000
0.637464,-2.000000
0.638625,-1.000000
0.639789,-2.000000
0.640950,-2.000000
0.642112,-1.000000
0.643270,-1.000000
0.644434,-1.000000
0.645604,-3.000000
0.646765,-2.000000
0.647927,-1.000000
0.649089,0.000000
0.650254,0.000000
0.651415,-1.000000
0.652632,-1.000000
0.653735,-1.000000
0.654898,-2.000000
0.656066,-1.000000
0.657228,-2.000000
0.658392,-1.000000
0.659554,-1.000000
0.660720,-1.000000
0.661881,-2.000000
0.663039,-1.000000
0.664201,-2.000000
0.665367,-1.000000
0.666532,-1.000000
0.667694,-1.000000
0.668856,-1.000000
0.670020,-2.000000
0.671185,-1.000000
0.672356,-1.000000
0.673506,-1.000000
0.674670,-2.000000
0.675835,-2.000000
0.676996,-1.000000
0.678158,-2.000000
0.679322,-1.000000
0.680485,-1.000000
0.681647,-1.000000
0.682805,-2.000000
0.683968,-1.000000
0.685140,0.000000
0.686304,-1.000000
0.687466,-1.000000
0.688626,-1.000000
0.689787,-1.000000
0.690950,0.000000
0.692107,-1.000000
0.693271,-2.000000
0.694438,-1.000000
0.695604,-1.000000
0.696765,-1.000000
0.697929,-2.000000
0.699090,-1.000000
0.700253,-1.000000
0.701410,-1.000000
0.702573,-1.000000
0.703740,-1.000000
0.704903,-2.000000
0.706066,-1.000000
0.707228,-1.000000
0.708391,-1.000000
0.709554,-1.000000
0.710722,-1.000000
0.711875,-2.000000
0.713039,-2.000000
0.714206,-1.000000
0.715370,0.000000
0.716531,-1.000000
0.717693,-1.000000
0.718856,-1.000000
0.720019,-1.000000
0.721180,-2.000000
0.722341,-2.000000
0.723503,-2.000000
0.724671,-1.000000
0.725833,-2.000000
0.726996,-1.000000
0.728161,-2.000000
0.729324,-3.000000
0.730486,-1.000000
0.731687,-2.000000
0.732805,-2.000000
0.733969,-1.000000
0.735136,-1.000000
0.736298,-2.000000
0.737461,-2.000000
0.738624,-2.000000
0.739787,-2.000000
0.740949,-1.000000
0.742111,-1.000000
0.743270,-2.000000
0.744442,-2.000000
0.745607,-2.000000
0.746788,-1.000000
0.747927,0.000000
0.749088,0.000000
0.750252,-1.000000
0.751441,-1.000000
0.752573,-1.000000
0.753736,-1.000000
0.754903,-2.000000
0.756066,-1.000000
0.757229,-1.000000
0.758392,-1.000000
0.759555,-1.000000
0.760719,-2.000000
0.761879,-2.000000
0.763040,-1.000000
0.764235,-2.000000
0.765368,-1.000000
0.766531,-1.000000
0.767694,0.000000
0.768857,-1.000000
0.770019,-1.000000
0.771183,-2.000000
0.772340,-2.000000
0.773503,-1.000000
0.774671,-2.000000
0.775833,-1.000000
0.776996,-1.000000
0.778160,-2.000000
0.779322,0.000000
0.780484,-1.000000
0.781641,-1.000000
0.782805,-2.000000
0.783968,-2.000000
0.785135,-1.000000
0.786299,-1.000000
0.787461,-1.000000
0.788624,-2.000000
0.789787,-2.000000
0.790949,-1.000000
0.792139,-1.000000
0.793270,-1.000000
0.794433,-2.000000
0.795600,-2.000000
0.796764,-1.000000
0.797927,-2.000000
0.799089,-1.000000
0.800252,-1.000000
0.801414,-2.000000
0.802611,-1.000000
0.803735,-2.000000
0.804898,-1.000000
0.806066,-1.000000
0.807229,-2.000000
0.808392,-1.000000
0.809554,-1.000000
0.810717,-1.000000
0.811880,-1.000000
0.813081,0.000000
0.814200,-2.000000
0.815364,-2.000000
0.816531,-2.000000
0.817693,-2.000000
0.818856,-2.000000
0.820020,-1.000000
0.821182,-1.000000
0.822345,-1.000000
0.823552,-2.000000
0.824666,-2.000000
0.825829,-1.000000
0.826996,-1.000000
0.828159,-1.000000
0.829322,-1.000000
0.830485,-2.000000
0.831648,-2.000000
0.832810,-1.000000
0.834029,-1.000000
0.835130,-1.000000
0.836295,-1.000000
0.837461,-1.000000
0.838624,-1.000000
0.839787,0.000000
0.840949,0.000000
0.842112,-1.000000
0.843275,-1.000000
0.844496,-2.000000
0.845596,-2.000000
0.846759,-1.000000
0.847928,-1.000000
0.849092,-1.000000
0.850253,-2.000000
0.851418,-1.000000
0.852578,-1.000000
0.853740,0.000000
0.854898,-1.000000
0.856061,-2.000000
0.857232,-1.000000
0.858394,-1.000000
0.859555,-1.000000
0.860719,-1.000000
0.861880,-1.000000
0.863042,-1.000000
0.864277,-2.000000
0.865363,-1.000000
0.866526,-1.000000
0.867694,-1.000000
0.868856,-2.000000
0.870019,-1.000000
0.871182,-1.000000
0.872345,-1.000000
0.873508,-1.000000
0.874666,-1.000000
0.875829,-1.000000
0.876996,-1.000000
0.878158,-2.000000
0.879322,-2.000000
0.880484,-1.000000
0.881648,-1.000000
0.882810,-2.000000
0.883975,-2.000000
0.885131,-2.000000
0.886295,-2.000000
0.887462,-2.000000
0.888624,-1.000000
0.889787,-1.000000
0.890950,-1.000000
0.892112,-2.000000
0.893275,-3.000000
0.894442,-2.000000
0.895596,-2.000000
0.896759,-1.000000
0.897927,-1.000000
0.899089,0.000000
0.900253,-1.000000
0.901416,-1.000000
0.902578,-2.000000
0.903741,-2.000000
0.904906,-1.000000
0.906062,-1.000000
0.907225,-2.000000
0.908393,-2.000000
0.909554,-2.000000
0.910718,0.000000
0.911881,-2.000000
0.913044,-1.000000
0.914208,-2.000000
0.915451,-2.000000
0.916527,-2.000000
0.917690,-2.000000
0.918857,-1.000000
0.920020,0.000000
0.921183,-1.000000
0.922345,-2.000000
0.923508,-2.000000
0.924668,-2.000000
0.925828,-2.000000
0.926991,-2.000000
0.928159,-2.000000
0.929322,-1.000000
0.930485,-2.000000
0.931647,-2.000000
0.932811,-2.000000
0.933973,-2.000000
0.935155,-2.000000
0.936295,-1.000000
0.937459,-2.000000
0.938628,-2.000000
0.939795,-2.000000
0.940950,-2.000000
0.942112,-2.000000
0.943275,-1.000000
0.944438,-1.000000
0.945600,-2.000000
0.946758,-1.000000
0.947927,-1.000000
0.949089,-2.000000
0.950252,-1.000000
0.951415,-1.000000
0.952578,-1.000000
0.953740,-1.000000
0.954898,-2.000000
0.956061,-3.000000
0.957235,-2.000000
0.958393,-1.000000
0.959556,-2.000000
0.960718,-2.000000
0.961879,-2.000000
0.963043,-2.000000
0.964270,-2.000000
0.965363,-1.000000
0.966528,-1.000000
0.967697,-1.000000
0.968858,-1.000000
0.970021,-1.000000
0.971185,-1.000000
0.972346,-2.000000
0.973508,-2.000000
0.974666,-1.000000
0.975829,-1.000000
0.976997,-1.000000
0.978159,-2.000000
0.979322,-2.000000
0.980485,-2.000000
0.981648,-2.000000
0.982810,-2.000000
0.983972,-2.000000
0.985131,-2.000000
0.986293,-2.000000
0.987462,-1.000000
0.988624,-1.000000
0.989787,0.000000
0.990950,-2.000000
0.992112,-2.000000
0.993275,-1.000000
0.994438,-2.000000
0.995595,-2.000000
0.996759,-2.000000
0.997927,-2.000000
0.999090,-3.000000
1.000253,-2.000000
1.001415,-2.000000
1.002578,-2.000000
1.003740,-2.000000
1.004897,-2.000000
1.006061,-2.000000
1.007224,-1.000000
1.008394,-1.000000
1.009555,-1.000000
1.010717,-1.000000
1.011880,-2.000000
1.013043,-1.000000
1.014213,-1.000000
1.015363,0.000000
1.016526,-1.000000
1.017693,-1.000000
1.018856,-1.000000
1.020020,-2.000000
1.021182,-2.000000
1.022345,-2.000000
1.023508,-2.000000
1.024689,-2.000000
1.025828,-2.000000
1.026992,-2.000000
1.028158,-2.000000
1.029322,-2.000000
1.030484,-1.000000
1.031647,-1.000000
1.032810,-1.000000
1.033973,-2.000000
1.035158,-2.000000
1.036294,-2.000000
1.037457,-1.000000
1.038624,-1.000000
1.039787,-2.000000
1.040949,-2.000000
1.042112,-1.000000
1.043275,0.000000
1.044438,-1.000000
1.045637,-1.000000
1.046759,-1.000000
1.047922,-2.000000
1.049090,-2.000000
1.050252,-1.000000
1.051415,-2.000000
1.052578,-1.000000
1.053740,-1.000000
1.054907,-1.000000
1.056061,-1.000000
1.057223,-1.000000
1.058392,-2.000000
1.059554,-2.000000
1.060717,-1.000000
1.061879,-1.000000
1.063042,0.000000
1.064258,-1.000000
1.065368,-2.000000
1.066528,-3.000000
1.067689,-3.000000
1.068857,-2.000000
1.070019,-1.000000
1.071182,-1.000000
1.072345,-1.000000
1.073508,-2.000000
1.074677,-2.000000
1.075863,0.000000
1.076995,-2.000000
1.078155,-2.000000
1.079322,-2.000000
1.080488,-1.000000
1.081647,-1.000000
1.082810,0.000000
1.083975,-2.000000
1.085138,-2.000000
1.086297,-1.000000
1.087458,-1.000000
1.088626,-2.000000
1.089789,-1.000000
1.090952,-1.000000
1.092113,-2.000000
1.093278,-1.000000
1.094440,-1.000000
1.095637,-1.000000
1.096759,-1.000000
1.097922,-1.000000
1.099091,-2.000000
1.100252,-2.000000
1.101415,-2.000000
1.102578,-2.000000
1.103740,-2.000000
1.104903,-1.000000
1.106116,-2.000000
1.107224,-2.000000
1.108387,-2.000000
1.109554,-2.000000
1.110717,-2.000000
1.111880,-2.000000
1.113043,-2.000000
1.114207,-1.000000
1.115369,-1.000000
1.116530,0.000000
1.117689,-1.000000
1.118856,-1.000000
1.120020,-1.000000
1.121182,-1.000000
1.122345,-1.000000
1.123508,-2.000000
1.124670,-2.000000
1.125833,-1.000000
1.126991,-1.000000
1.128154,-1.000000
1.129322,-2.000000
1.130484,-2.000000
1.131647,-1.000000
1.132810,-2.000000
1.133973,-1.000000
1.135136,-1.000000
1.136340,-1.000000
1.137457,-2.000000
1.138620,-2.000000
1.139787,-2.000000
1.140950,-2.000000
1.142112,-1.000000
1.143276,-2.000000
1.144438,-1.000000
1.145601,-1.000000
1.146759,-1.000000
1.147921,-1.000000
1.149090,-2.000000
1.150252,-1.000000
1.151415,0.000000
1.152578,-1.000000
1.153741,-1.000000
1.154903,-1.000000
1.156060,-2.000000
1.157224,-1.000000
1.158387,-2.000000
1.159555,-2.000000
1.160717,-1.000000
1.161880,-2.000000
1.163043,-2.000000
1.164219,-1.000000
1.165368,-1.000000
1.166531,-2.000000
1.167689,-2.000000
1.168852,-2.000000
1.170019,-1.000000
1.171182,-2.000000
1.172345,-1.000000
1.173508,-2.000000
1.174671,-1.000000
1.175833,-1.000000
1.176996,-2.000000
1.178154,-1.000000
1.179317,-1.000000
1.180485,-2.000000
1.181647,-2.000000
1.182810,-1.000000
1.183973,-2.000000
1.185136,-2.000000
1.186298,-2.000000
1.187461,-2.000000
1.188619,-1.000000
1.189783,-1.000000
1.190951,-1.000000
1.192113,-1.000000
1.193276,-1.000000
1.194438,0.000000
1.195601,0.000000
1.196763,0.000000
1.197935,-1.000000
1.199084,-1.000000
1.200247,-2.000000
1.201414,-2.000000
1.202577,-2.000000
1.203740,-3.000000
1.204904,-2.000000
1.206067,-1.000000
1.207229,0.000000
1.208422,-1.000000
1.209549,-1.000000
1.210713,-1.000000
1.211880,-2.000000
1.213043,-3.000000
1.214205,-2.000000
1.215368,-2.000000
1.216534,-2.000000
1.217694,-2.000000
1.218852,-2.000000
1.220014,-1.000000
1.221183,-1.000000
1.222345,-1.000000
1.223508,0.000000
1.224671,0.000000
1.225834,-1.000000
1.226997,-1.000000
1.228156,-1.000000
1.229320,-1.000000
1.230490,-1.000000
1.231647,-2.000000
1.232810,-2.000000
1.233973,-3.000000
1.235136,-2.000000
1.236299,-1.000000
1.237506,-1.000000
1.238619,-1.000000
1.239782,-1.000000
1.240950,-1.000000
1.242113,0.000000
1.243279,0.000000
1.244441,-1.000000
1.245603,-1.000000
1.246764,-2.000000
1.247932,-2.000000
1.249092,-2.000000
1.250255,-2.000000
1.251416,-2.000000
1.252580,-2.000000
1.253740,-2.000000
1.254903,-2.000000
1.256066,-2.000000
1.257238,-1.000000
1.258390,-1.000000
1.259557,-1.000000
1.260719,-1.000000
1.261881,-1.000000
1.263046,-1.000000
1.264294,-1.000000
1.265372,-1.000000
1.266533,-1.000000
1.267699,-1.000000
1.268860,-2.000000
1.270025,-1.000000
1.271189,-1.000000
1.272350,0.000000
1.273511,-1.000000
1.274673,-2.000000
1.275834,-1.000000
1.276998,-2.000000
1.278166,-2.000000
1.279325,-2.000000
1.280488,-2.000000
1.281649,-1.000000
1.282811,-1.000000
1.283975,-1.000000
1.285135,-2.000000
1.286298,-1.000000
1.287465,-1.000000
1.288628,-2.000000
1.289793,0.000000
1.290955,0.000000
1.292114,-1.000000
1.293275,-2.000000
1.294433,-1.000000
1.295598,-1.000000
1.296767,-1.000000
1.297929,-2.000000
1.299090,-3.000000
1.300254,-2.000000
1.301416,-2.000000
1.302578,-2.000000
1.303780,-3.000000
1.304899,-2.000000
1.306062,-1.000000
1.307229,-1.000000
1.308392,-2.000000
1.309554,-3.000000
1.310717,-3.000000
1.311880,-2.000000
1.313042,-1.000000
1.314256,-1.000000
1.315363,-1.000000
1.316527,-1.000000
1.317694,-2.000000
1.318856,-1.000000
1.320020,-1.000000
1.321182,-1.000000
1.322345,-1.000000
1.323508,-1.000000
1.324666,-1.000000
1.325829,-1.000000
1.326996,-1.000000
1.328159,-1.000000
1.329322,-1.000000
1.330484,-1.000000
1.331648,-1.000000
1.332814,-2.000000
1.334031,-1.000000
1.335136,-1.000000
1.336296,-1.000000
1.337461,-1.000000
1.338624,0.000000
1.339787,0.000000
1.340949,-2.000000
1.342112,-2.000000
1.343277,-2.000000
1.344438,-1.000000
1.345598,-1.000000
1.346766,-2.000000
1.347929,-2.000000
1.349089,0.000000
1.350251,1.000000
1.351415,-1.000000
1.352577,-1.000000
1.353764,-1.000000
1.354898,-1.000000
1.356062,-1.000000
1.357229,-1.000000
1.358392,-2.000000
1.359554,-1.000000
1.360717,-1.000000
1.361880,-1.000000
1.363042,-2.000000
1.364267,-2.000000
1.365363,-2.000000
1.366527,-2.000000
1.367694,-2.000000
1.368857,-2.000000
1.370019,-2.000000
1.371182,-1.000000
1.372345,-1.000000
1.373508,-2.000000
1.374666,-2.000000
1.375828,-1.000000
1.376997,-1.000000
1.378160,-1.000000
1.379321,-2.000000
1.380485,-2.000000
1.381647,-1.000000
1.382810,-1.000000
1.383973,-1.000000
1.385131,0.000000
1.386293,-1.000000
1.387462,-2.000000
1.388624,-2.000000
1.389787,-2.000000
1.390950,-2.000000
1.392112,-2.000000
1.393275,-2.000000
1.394441,-1.000000
1.395596,-1.000000
1.396759,-1.000000
1.397927,-1.000000
1.399089,-1.000000
1.400253,0.000000
1.401415,-1.000000
1.402578,-1.000000
1.403740,0.000000
1.404906,-1.000000
1.406060,0.000000
1.407224,-1.000000
1.408392,-2.000000
1.409554,-2.000000
1.410717,-2.000000
1.411881,-1.000000
1.413044,-1.000000
1.414207,-1.000000
1.415410,-2.000000
1.416526,-1.000000
1.417690,-1.000000
1.418856,-1.000000
1.420020,-2.000000
1.421183,-1.000000
1.422345,-2.000000
1.423508,-2.000000
1.424670,-1.000000
1.425887,-1.000000
1.426993,-2.000000
1.428160,-3.000000
1.429326,-2.000000
1.430486,-2.000000
1.431651,-1.000000
1.432811,-1.000000
1.433973,-1.000000
1.435142,-1.000000
1.436294,-2.000000
1.437457,-2.000000
1.438624,-1.000000
1.439787,-1.000000
1.440950,-1.000000
1.442113,-1.000000
1.443275,-1.000000
1.444438,-2.000000
1.445604,-2.000000
1.446759,-1.000000
1.447922,-1.000000
1.449088,-1.000000
1.450252,-2.000000
1.451415,-2.000000
1.452577,-2.000000
1.453740,-2.000000
1.454903,-2.000000
1.456111,-2.000000
1.457224,-1.000000
1.458387,-1.000000
1.459555,-2.000000
1.460718,-1.000000
1.461880,-3.000000
1.463043,-2.000000
1.464233,-1.000000
1.465368,0.000000
1.466578,0.000000
1.467689,0.000000
1.468852,0.000000
1.470019,-2.000000
1.471182,-2.000000
1.472345,-1.000000
1.473508,-1.000000
1.474670,-1.000000
1.475833,-1.000000
1.477044,-1.000000
1.478154,-1.000000
1.479317,-1.000000
1.480484,-1.000000
1.481648,-2.000000
1.482810,-2.000000
1.483973,-2.000000
1.485136,-2.000000
1.486299,-1.000000
1.487513,0.000000
1.488619,-1.000000
1.489782,-1.000000
1.490949,-1.000000
1.492113,-1.000000
1.493275,-2.000000
1.494438,-1.000000
1.495601,-1.000000
1.496764,-1.000000
1.497976,-1.000000
1.499084,0.000000
1.500248,-1.000000
1.501414,-1.000000
1.502578,-1.000000
1.503740,-2.000000
1.504903,-2.000000
1.506066,-2.000000
1.507229,-2.000000
1.508390,0.000000
1.509549,0.000000
1.510717,-1.000000
1.511879,-1.000000
1.513043,-1.000000
1.514205,0.000000
1.515368,-1.000000
1.516531,-1.000000
1.517694,-1.000000
1.518852,-1.000000
1.520014,0.000000
1.521256,-2.000000
1.522345,-2.000000
1.523508,-2.000000
1.524671,-1.000000
1.525833,-1.000000
1.526996,0.000000
1.528162,0.000000
1.529320,-1.000000
1.530485,-1.000000
1.531647,-1.000000
1.532811,-2.000000
1.533973,-2.000000
1.535136,-2.000000
1.536298,-2.000000
1.537459,-1.000000
1.538621,-1.000000
1.539787,-1.000000
1.540951,-1.000000
1.542113,-1.000000
1.543275,-1.000000
1.544438,-1.000000
1.545601,0.000000
1.546812,-1.000000
1.547921,-1.000000
1.549085,-1.000000
1.550252,-2.000000
1.551415,-2.000000
1.552578,-1.000000
1.553741,-1.000000
1.554903,-1.000000
1.556066,-2.000000
1.557282,-2.000000
1.558387,-3.000000
1.559551,-2.000000
1.560717,-2.000000
1.561880,-2.000000
1.563043,-2.000000
1.564224,-2.000000
1.565368,-2.000000
1.566531,-1.000000
1.567689,-1.000000
1.568852,-1.000000
1.570022,-2.000000
1.571182,-2.000000
1.572346,-1.000000
1.573508,-2.000000
1.574670,-2.000000
1.575833,-2.000000
1.576991,-1.000000
1.578154,-1.000000
1.579321,-1.000000
1.580485,-1.000000
1.581647,-2.000000
1.582810,-2.000000
1.583973,-3.000000
1.585135,-2.000000
1.586312,-2.000000
1.587457,-3.000000
1.588620,-2.000000
1.589787,-2.000000
1.590949,-1.000000
1.592112,-2.000000
1.593275,-2.000000
1.594438,-1.000000
1.595600,-1.000000
1.596784,-1.000000
1.597921,-1.000000
1.599085,-2.000000
1.600252,-2.000000
1.601415,-2.000000
1.602577,-3.000000
1.603740,-2.000000
1.604903,-2.000000
1.606066,-2.000000
1.607266,-2.000000
1.608387,-2.000000
1.609550,-2.000000
1.610717,-3.000000
1.611880,-3.000000
1.613043,-3.000000
1.614205,-3.000000
1.615368,-2.000000
1.616531,0.000000
1.617736,0.000000
1.618851,-1.000000
1.620015,-1.000000
1.621183,0.000000
1.622345,0.000000
1.623508,1.000000
1.624671,0.000000
1.625833,0.000000
1.626995,0.000000
1.628223,0.000000
1.629316,-1.000000
1.630480,-1.000000
1.631647,-2.000000
1.632810,-2.000000
1.633974,-3.000000
1.635137,-3.000000
1.636301,-2.000000
1.637465,-1.000000
1.638619,-2.000000
1.639782,-2.000000
1.640949,-2.000000
1.642112,-2.000000
1.643275,-1.000000
1.644439,-1.000000
1.645605,-2.000000
1.646768,-1.000000
1.647960,-1.000000
1.649087,-2.000000
1.650248,-3.000000
1.651415,-4.000000
1.652578,-3.000000
1.653740,-3.000000
1.654903,-3.000000
1.656066,-2.000000
1.657228,-2.000000
1.658440,-3.000000
1.659550,-2.000000
1.660713,-1.000000
1.661880,-2.000000
1.663043,-2.000000
1.664255,-1.000000
1.665368,-1.000000
1.666531,-2.000000
1.667694,-1.000000
1.668918,0.000000
1.670015,0.000000
1.671178,0.000000
1.672345,0.000000
1.673508,1.000000
1.674671,0.000000
1.675833,0.000000
1.676996,0.000000
1.678158,0.000000
1.679320,0.000000
1.680480,0.000000
1.681648,-1.000000
1.682810,-1.000000
1.683973,-1.000000
1.685136,-2.000000
1.686299,-3.000000
1.687461,-2.000000
1.688624,-3.000000
1.689782,-2.000000
1.690945,-3.000000
1.692113,-4.000000
1.693275,-3.000000
1.694437,-3.000000
1.695601,-2.000000
1.696764,-2.000000
1.697926,-2.000000
1.699089,-2.000000
1.700247,-1.000000
1.701410,-3.000000
1.702578,-2.000000
1.703740,-1.000000
1.704903,-1.000000
1.706066,0.000000
1.707229,-1.000000
1.708392,0.000000
1.709561,0.000000
1.710715,1.000000
1.711876,1.000000
1.713045,1.000000
1.714206,1.000000
1.715369,0.000000
1.716531,0.000000
1.717694,1.000000
1.718856,0.000000
1.720058,0.000000
1.721177,-2.000000
1.722341,-1.000000
1.723508,0.000000
1.724670,-1.000000
1.725833,-1.000000
1.726996,-1.000000
1.728159,-2.000000
1.729322,-1.000000
1.730480,-2.000000
1.731642,-2.000000
1.732811,-1.000000
1.733973,-1.000000
1.735136,-1.000000
1.736298,-2.000000
1.737461,-3.000000
1.738624,-2.000000
1.739782,-2.000000
1.740945,-2.000000
1.742107,-2.000000
1.743275,-1.000000
1.744441,-2.000000
1.745603,-2.000000
1.746765,-2.000000
1.747928,-2.000000
1.749090,-3.000000
1.750257,-2.000000
1.751410,-1.000000
1.752573,-2.000000
1.753740,-3.000000
1.754903,-3.000000
1.756066,-3.000000
1.757228,-2.000000
1.758391,-1.000000
1.759554,-1.000000
1.760760,-1.000000
1.761879,0.000000
1.763041,-1.000000
1.764252,-1.000000
1.765371,-1.000000
1.766531,-1.000000
1.767694,-1.000000
1.768857,-1.000000
1.770020,0.000000
1.771177,-1.000000
1.772340,-1.000000
1.773508,0.000000
1.774671,-1.000000
1.775833,-2.000000
1.776996,-2.000000
1.778159,-1.000000
1.779322,-2.000000
1.780490,-2.000000
1.781643,-2.000000
1.782805,-2.000000
1.783973,-1.000000
1.785136,-1.000000
1.786315,-1.000000
1.787461,-1.000000
1.788624,0.000000
1.789786,-1.000000
1.790954,-2.000000
1.792107,-2.000000
1.793271,-2.000000
1.794438,-2.000000
1.795601,-1.000000
1.796763,-1.000000
1.797926,-1.000000
1.799089,-2.000000
1.800252,-1.000000
1.801449,-1.000000
1.802573,0.000000
1.803736,-1.000000
1.804903,-1.000000
1.806067,-1.000000
1.807229,0.000000
1.808391,1.000000
1.809554,0.000000
1.810716,-1.000000
1.811919,-1.000000
1.813038,0.000000
1.814201,-1.000000
1.815368,-1.000000
1.816532,-1.000000
1.817694,-1.000000
1.818856,0.000000
1.820019,0.000000
1.821182,0.000000
1.822394,0.000000
1.823503,0.000000
1.824666,-1.000000
1.825833,-1.000000
1.826996,-2.000000
1.828159,-1.000000
1.829322,0.000000
1.830485,-1.000000
1.831647,-1.000000
1.832805,-2.000000
1.833968,-1.000000
1.835136,-2.000000
1.836299,-3.000000
1.837461,-3.000000
1.838624,-2.000000
1.839787,-1.000000
1.840950,-1.000000
1.842116,-2.000000
1.843270,-1.000000
1.844434,-1.000000
1.845601,-3.000000
1.846763,0.000000
1.847927,-3.000000
1.849089,-2.000000
1.850251,0.000000
1.851415,-3.000000
1.852577,-2.000000
1.853735,-1.000000
1.854899,-1.000000
1.856068,-4.000000
1.857230,0.000000
1.858394,-2.000000
1.859554,-2.000000
1.860717,1.000000
1.861880,-3.000000
1.863057,1.000000
1.864200,1.000000
1.865363,0.000000
1.866535,1.000000
1.867698,-4.000000
1.868858,-4.000000
1.870022,2.000000
1.871183,1.000000
1.872352,-4.000000
1.873503,0.000000
1.874665,-4.000000
1.875833,-1.000000
1.876996,-1.000000
1.878159,-5.000000
1.879322,1.000000
1.880485,-5.000000
1.881647,-2.000000
1.882845,2.000000
1.883968,2.000000
1.885132,-5.000000
1.886298,0.000000
1.887461,-3.000000
1.888624,-5.000000
1.889787,2.000000
1.890949,-4.000000
1.892113,0.000000
1.893316,0.000000
1.894433,-3.000000
1.895596,1.000000
1.896764,-2.000000
1.897926,-2.000000
1.899089,-3.000000
1.900252,0.000000
1.901414,-4.000000
1.902577,0.000000
1.903785,-1.000000
1.904898,-3.000000
1.906064,0.000000
1.907229,-4.000000
1.908392,-1.000000
1.909554,0.000000
1.910717,-2.000000
1.911880,-2.000000
1.913038,2.000000
1.914201,-2.000000
1.915368,0.000000
1.916531,1.000000
1.917694,-2.000000
1.918856,0.000000
1.920019,-3.000000
1.921185,-2.000000
1.922350,0.000000
1.923502,-1.000000
1.924666,-1.000000
1.925834,-2.000000
1.926996,-2.000000
1.928159,-2.000000
1.929322,-2.000000
1.930484,-2.000000
1.931647,-1.000000
1.932817,-1.000000
1.933968,-2.000000
1.935131,-2.000000
1.936299,-3.000000
1.937461,-3.000000
1.938624,-3.000000
1.939786,-3.000000
1.940950,-3.000000
1.942112,-2.000000
1.943277,-1.000000
1.944433,-2.000000
1.945596,-2.000000
1.946764,-1.000000
1.947927,-2.000000
1.949089,-1.000000
1.950252,-1.000000
1.951415,-2.000000
1.952577,-1.000000
1.953741,-1.000000
1.954898,-1.000000
1.956061,-1.000000
1.957232,-2.000000
1.958394,-2.000000
1.959557,-2.000000
1.960719,-1.000000
1.961880,0.000000
1.963043,-1.000000
1.964315,0.000000
1.965363,-1.000000
1.966532,-1.000000
1.967694,-1.000000
1.968860,-2.000000
1.970022,-2.000000
1.971184,-2.000000
1.972345,-1.000000
1.973583,-2.000000
1.974666,-1.000000
1.975829,0.000000
1.976997,-1.000000
1.978159,-1.000000
1.979322,-1.000000
1.980484,-2.000000
1.981648,-2.000000
1.982810,-2.000000
1.983969,-2.000000
1.985132,-1.000000
1.986299,-1.000000
1.987462,-2.000000
1.988624,-2.000000
1.989787,-2.000000
1.990950,-2.000000
1.992112,-1.000000
1.993272,-2.000000
1.994433,-1.000000
1.995596,-2.000000
1.996764,-2.000000
1.997926,-2.000000
1.999089,-1.000000
2.000253,-2.000000
2.001415,-2.000000
2.002577,0.000000
2.003740,-2.000000
2.004898,-2.000000
2.006061,-2.000000
2.007229,-2.000000
2.008391,-1.000000
2.009555,-1.000000
2.010717,0.000000
2.011879,-1.000000
2.013042,-1.000000
2.014211,-1.000000
2.015363,-2.000000
2.016526,-1.000000
2.017694,0.000000
2.018857,0.000000
2.020020,-1.000000
2.021182,-1.000000
2.022345,-2.000000
2.023508,-2.000000
2.024671,-2.000000
2.025829,-2.000000
2.026991,-2.000000
2.028160,-2.000000
2.029321,-2.000000
2.030484,-2.000000
2.031648,-2.000000
2.032810,-2.000000
2.033974,-2.000000
2.035156,-2.000000
2.036294,-2.000000
2.037457,-2.000000
2.038624,-1.000000
2.039787,-2.000000
2.040949,-2.000000
2.042112,-2.000000
2.043275,-1.000000
2.044438,-1.000000
2.045629,-1.000000
2.046758,-2.000000
2.047922,-1.000000
2.049090,0.000000
2.050251,0.000000
2.051415,-1.000000
2.052578,-1.000000
2.053741,-2.000000
2.054904,-2.000000
2.056061,-2.000000
2.057224,-1.000000
2.058392,-1.000000
2.059559,0.000000
2.060718,0.000000
2.061882,-1.000000
2.063045,-1.000000
2.064278,-1.000000
2.065402,-1.000000
2.066526,-2.000000
2.067690,-2.000000
2.068859,-1.000000
2.070024,-1.000000
2.071184,-1.000000
2.072347,-2.000000
2.073510,-2.000000
2.074676,-2.000000
2.075828,-2.000000
2.076995,-2.000000
2.078160,0.000000
2.079322,-1.000000
2.080484,-1.000000
2.081648,0.000000
2.082810,-1.000000
2.083973,-1.000000
2.085154,-1.000000
2.086293,-1.000000
2.087457,-2.000000
2.088624,-1.000000
2.089788,-2.000000
2.090950,-1.000000
2.092113,-1.000000
2.093275,0.000000
2.094438,0.000000
2.095637,-2.000000
2.096759,-1.000000
2.097922,-1.000000
2.099089,-2.000000
2.100252,-1.000000
2.101415,0.000000
2.102577,0.000000
2.103740,0.000000
2.104903,0.000000
2.106110,-2.000000
2.107224,-2.000000
2.108388,-1.000000
2.109554,-2.000000
2.110717,-1.000000
2.111880,-1.000000
2.113043,-1.000000
2.114205,-1.000000
2.115368,-1.000000
2.116591,-2.000000
2.117689,-2.000000
2.118852,-2.000000
2.120019,-2.000000
2.121182,-1.000000
2.122345,-2.000000
2.123508,-2.000000
2.124671,-2.000000
2.125833,-1.000000
2.126994,-1.000000
2.128154,-1.000000
2.129323,-2.000000
2.130485,-2.000000
2.131647,-2.000000
2.132810,-1.000000
2.133973,-2.000000
2.135135,-2.000000
2.136295,-1.000000
2.137456,-1.000000
2.138620,-1.000000
2.139787,-2.000000
2.140950,-2.000000
2.142112,-2.000000
2.143276,-1.000000
2.144438,0.000000
2.145601,-1.000000
2.146763,-1.000000
2.147922,-1.000000
2.149084,-1.000000
2.150253,-1.000000
2.151415,-1.000000
2.152578,0.000000
2.153740,0.000000
2.154903,0.000000
2.156066,0.000000
2.157233,-1.000000
2.158386,-2.000000
2.159549,-2.000000
2.160718,-1.000000
2.161880,0.000000
2.163043,-1.000000
2.164264,-2.000000
2.165369,-2.000000
2.166531,-3.000000
2.167694,-2.000000
2.168852,-1.000000
2.170014,-1.000000
2.171182,0.000000
2.172345,0.000000
2.173507,-2.000000
2.174671,-1.000000
2.175834,-1.000000
2.176996,-1.000000
2.178160,-1.000000
2.179317,-1.000000
2.180480,-1.000000
2.181648,-2.000000
2.182810,-2.000000
2.183973,-2.000000
2.185136,-2.000000
2.186298,-1.000000
2.187463,-1.000000
2.188624,-1.000000
2.189782,-1.000000
2.190947,-2.000000
2.192116,-1.000000
2.193276,-1.000000
2.194438,-2.000000
2.195601,-1.000000
2.196764,-1.000000
2.197927,-1.000000
2.199109,-1.000000
2.200248,-1.000000
2.201410,-1.000000
2.202577,-1.000000
2.203741,-1.000000
2.204903,-2.000000
2.206066,-1.000000
2.207229,-2.000000
2.208392,-2.000000
2.209553,-1.000000
2.210712,-2.000000
2.211880,-1.000000
2.213043,-1.000000
2.214206,-1.000000
2.215368,-1.000000
2.216531,-1.000000
2.217694,-2.000000
2.218881,-2.000000
2.220015,-2.000000
2.221178,-2.000000
2.222345,-2.000000
2.223508,-2.000000
2.224670,-2.000000
2.225833,-2.000000
2.226996,-2.000000
2.228159,-3.000000
2.229366,-2.000000
2.230480,-1.000000
2.231643,-2.000000
2.232810,-2.000000
2.233973,-2.000000
2.235136,-2.000000
2.236299,-2.000000
2.237463,-1.000000
2.238624,-2.000000
2.239782,-1.000000
2.240945,-1.000000
2.242113,-1.000000
2.243275,-2.000000
2.244438,-2.000000
2.245601,-1.000000
2.246764,-1.000000
2.247926,-1.000000
2.249089,-2.000000
2.250247,-1.000000
2.251410,-1.000000
2.252578,0.000000
2.253741,0.000000
2.254903,-1.000000
2.256066,-1.000000
2.257228,-2.000000
2.258392,-1.000000
2.259559,-1.000000
2.260712,-2.000000
2.261876,-2.000000
2.263043,-2.000000
2.264255,-2.000000
2.265369,-1.000000
2.266531,-1.000000
2.267694,-2.000000
2.268857,-1.000000
2.270058,-1.000000
2.271177,-1.000000
2.272341,-1.000000
2.273511,-2.000000
2.274671,-1.000000
2.275833,-2.000000
2.276996,-2.000000
2.278159,-3.000000
2.279321,-2.000000
2.280528,-1.000000
2.281643,-1.000000
2.282806,0.000000
2.283973,0.000000
2.285136,0.000000
2.286299,-2.000000
2.287462,-1.000000
2.288624,-2.000000
2.289787,-1.000000
2.290948,-2.000000
2.292107,0.000000
2.293275,-1.000000
2.294438,-2.000000
2.295601,-2.000000
2.296764,-2.000000
2.297927,-2.000000
2.299089,-2.000000
2.300253,-1.000000
2.301410,-1.000000
2.302573,0.000000
2.303741,-1.000000
2.304903,-1.000000
2.306066,-1.000000
2.307228,-1.000000
2.308391,-1.000000
2.309554,-2.000000
2.310723,-2.000000
2.311875,-2.000000
2.313040,-2.000000
2.314208,-1.000000
2.315369,-1.000000
2.316537,-1.000000
2.317696,-1.000000
2.318857,-1.000000
2.320020,-2.000000
2.321241,-1.000000
2.322341,-1.000000
2.323507,-2.000000
2.324674,-2.000000
2.325837,-1.000000
2.326997,-1.000000
2.328160,-1.000000
2.329322,-2.000000
2.330479,-1.000000
2.331642,-1.000000
2.332805,-1.000000
2.333973,-2.000000
2.335136,-2.000000
2.336299,-2.000000
2.337463,-1.000000
2.338625,-1.000000
2.339787,-1.000000
2.340947,-2.000000
2.342107,-2.000000
2.343271,-2.000000
2.344439,-2.000000
2.345601,0.000000
2.346763,0.000000
2.347926,-1.000000
2.349089,-1.000000
2.350252,-1.000000
2.351412,-2.000000
2.352573,-2.000000
2.353736,-2.000000
2.354904,-2.000000
2.356066,-2.000000
2.357229,-2.000000
2.358392,-2.000000
2.359555,-2.000000
2.360717,-1.000000
2.361879,-1.000000
2.363038,-1.000000
2.364201,-1.000000
2.365364,-2.000000
2.366531,-2.000000
2.367694,-2.000000
2.368857,-1.000000
2.370019,-1.000000
2.371182,0.000000
2.372349,0.000000
2.373503,0.000000
2.374665,-2.000000
2.375834,-2.000000
2.376996,-1.000000
2.378159,-1.000000
2.379322,-1.000000
2.380484,-1.000000
2.381647,0.000000
2.382809,-1.000000
2.383968,-1.000000
2.385132,-1.000000
2.386299,-1.000000
2.387461,-2.000000
2.388624,-1.000000
2.389787,-1.000000
2.390950,-2.000000
2.392113,-1.000000
2.393272,-2.000000
2.394433,-2.000000
2.395596,-1.000000
2.396764,-1.000000
2.397926,-2.000000
2.399089,-2.000000
2.400252,-2.000000
2.401415,-1.000000
2.402578,-2.000000
2.403736,-1.000000
2.404898,-1.000000
2.406061,-1.000000
2.407229,-2.000000
2.408391,-2.000000
2.409555,-2.000000
2.410717,-1.000000
2.411883,-1.000000
2.413044,-1.000000
2.414237,-1.000000
2.415365,0.000000
2.416527,-1.000000
2.417695,-1.000000
2.418857,0.000000
2.420020,0.000000
2.421188,1.000000
2.422348,-1.000000
2.423510,-1.000000
2.424668,0.000000
2.425830,1.000000
2.426999,0.000000
2.428161,0.000000
2.429322,-1.000000
2.430485,-1.000000
2.431648,-1.000000
2.432811,-1.000000
2.433974,0.000000
2.435131,0.000000
2.436294,0.000000
2.437462,0.000000
2.438624,-1.000000
2.439786,-1.000000
2.440949,-1.000000
2.442113,-1.000000
2.443276,-2.000000
2.444447,-2.000000
2.445596,-2.000000
2.446758,-2.000000
2.447928,-2.000000
2.449090,-2.000000
2.450252,-2.000000
2.451415,0.000000
2.452578,0.000000
2.453740,-1.000000
2.454947,-1.000000
2.456061,-1.000000
2.457224,-1.000000
2.458392,-2.000000
2.459554,-1.000000
2.460717,-1.000000
2.461879,-2.000000
2.463043,-2.000000
2.464239,-2.000000
2.465364,-2.000000
2.466526,-2.000000
2.467694,-1.000000
2.468857,-2.000000
2.470019,-1.000000
2.471182,-1.000000
2.472345,-1.000000
2.473508,-1.000000
2.474697,-1.000000
2.475829,-1.000000
2.476992,-1.000000
2.478159,-1.000000
2.479322,-2.000000
2.480484,-2.000000
2.481647,-1.000000
2.482810,-1.000000
2.483973,-1.000000
2.485168,-1.000000
2.486293,-1.000000
2.487457,-2.000000
2.488624,-1.000000
2.489787,-1.000000
2.490950,0.000000
2.492112,0.000000
2.493275,-1.000000
2.494437,-1.000000
2.495636,-1.000000
2.496759,-1.000000
2.497922,0.000000
2.499089,0.000000
2.500252,-2.000000
2.501415,-2.000000
2.502577,-1.000000
2.503741,-1.000000
2.504903,-1.000000
2.506109,-2.000000
2.507224,-2.000000
2.508388,-1.000000
2.509554,-1.000000
2.510717,-2.000000
2.511879,-2.000000
2.513043,-2.000000
2.514206,-2.000000
2.515368,-2.000000
2.516594,-2.000000
2.517689,-2.000000
2.518857,-3.000000
2.520021,-2.000000
2.521184,-2.000000
2.522345,-2.000000
2.523507,0.000000
2.524670,-1.000000
2.525833,-1.000000
2.526991,-2.000000
2.528155,-2.000000
2.529326,-2.000000
2.530487,-2.000000
2.531648,-2.000000
2.532812,-1.000000
2.533973,-2.000000
2.535135,-2.000000
2.536324,-1.000000
2.537456,-1.000000
2.538620,-2.000000
2.539787,-2.000000
2.540951,-2.000000
2.542113,-2.000000
2.543275,-1.000000
2.544439,-1.000000
2.545601,-1.000000
2.546762,-2.000000
2.547921,-2.000000
2.549089,-2.000000
2.550252,-1.000000
2.551415,-2.000000
2.552578,-2.000000
2.553741,0.000000
2.554903,-1.000000
2.556070,-2.000000
2.557224,-2.000000
2.558386,-1.000000
2.559555,0.000000
2.560718,0.000000
2.561880,-1.000000
2.563042,-1.000000
2.564258,-1.000000
2.565368,-2.000000
2.566529,-2.000000
2.567689,-2.000000
2.568852,-1.000000
2.570019,-1.000000
2.571182,-1.000000
2.572345,-1.000000
2.573508,-1.000000
2.574670,-1.000000
2.575833,-1.000000
2.576996,0.000000
2.578153,0.000000
2.579317,-1.000000
2.580485,-2.000000
2.581650,-2.000000
2.582810,-2.000000
2.583973,-2.000000
2.585136,-2.000000
2.586298,-1.000000
2.587482,0.000000
2.588619,-1.000000
2.589783,-2.000000
2.590949,-1.000000
2.592113,-1.000000
2.593275,-1.000000
2.594438,-1.000000
2.595600,-2.000000
2.596764,-1.000000
2.597952,-1.000000
2.599084,-1.000000
2.600248,-3.000000
2.601415,-1.000000
2.602578,-1.000000
2.603740,-1.000000
2.604903,-1.000000
2.606066,0.000000
2.607229,-1.000000
2.608426,-2.000000
2.609550,-2.000000
2.610713,-2.000000
2.611879,-2.000000
2.613043,-2.000000
2.614206,-2.000000
2.615368,0.000000
2.616531,-1.000000
2.617694,-1.000000
2.618904,-1.000000
2.620014,-1.000000
2.621178,-2.000000
2.622345,-3.000000
2.623508,-2.000000
2.624670,-1.000000
2.625833,0.000000
2.626996,-1.000000
2.628159,-1.000000
2.629387,-2.000000
2.630480,-1.000000
2.631646,-1.000000
2.632811,-1.000000
2.633972,-2.000000
2.635135,-2.000000
2.636299,-2.000000
2.637461,-2.000000
2.638624,-2.000000
2.639786,-2.000000
2.640946,-1.000000
2.642114,-2.000000
2.643278,-2.000000
2.644438,-1.000000
2.645601,-1.000000
2.646763,-1.000000
2.647926,-1.000000
2.649101,-1.000000
2.650247,-2.000000
2.651410,-1.000000
2.652578,-2.000000
2.653740,-1.000000
2.654903,-1.000000
2.656066,-1.000000
2.657229,-1.000000
2.658391,-1.000000
2.659595,-1.000000
2.660712,-2.000000
2.661876,-1.000000
2.663043,0.000000
2.664272,-2.000000
2.665369,-2.000000
2.666532,-1.000000
2.667694,0.000000
2.668856,-1.000000
2.670062,-2.000000
2.671177,-2.000000
2.672341,0.000000
2.673508,0.000000
2.674670,0.000000
2.675833,-1.000000
2.676996,-1.000000
2.678159,0.000000
2.679321,-1.000000
2.680528,-1.000000
2.681642,-1.000000
2.682806,-1.000000
2.683973,-1.000000
2.685136,-1.000000
2.686298,0.000000
2.687461,-1.000000
2.688624,-1.000000
2.689787,-1.000000
2.690992,-1.000000
2.692108,-2.000000
2.693271,-1.000000
2.694438,-1.000000
2.695601,-1.000000
2.696763,-2.000000
2.697927,-2.000000
2.699089,-2.000000
2.700252,-2.000000
2.701409,-1.000000
2.702572,-1.000000
2.703740,-1.000000
2.704904,-2.000000
2.706065,-2.000000
2.707228,-2.000000
2.708392,-2.000000
2.709554,-1.000000
2.710716,0.000000
2.711874,-2.000000
2.713038,-1.000000
2.714206,-1.000000
2.715368,-2.000000
2.716531,-2.000000
2.717695,-2.000000
2.718856,-1.000000
2.720019,-1.000000
2.721178,-2.000000
2.722340,-2.000000
2.723503,-1.000000
2.724671,-1.000000
2.725834,0.000000
2.726996,-1.000000
2.728159,-1.000000
2.729322,-1.000000
2.730484,-2.000000
2.731643,-1.000000
2.732805,-1.000000
2.733968,-1.000000
2.735139,-2.000000
2.736299,-1.000000
2.737464,-1.000000
2.738624,-2.000000
2.739787,-2.000000
2.740949,-1.000000
2.742113,-2.000000
2.743270,-2.000000
2.744433,-1.000000
2.745601,-2.000000
2.746764,-1.000000
2.747928,-1.000000
2.749091,-1.000000
2.750253,-1.000000
2.751415,-2.000000
2.752634,-2.000000
2.753736,-2.000000
2.754898,-1.000000
2.756066,-2.000000
2.757229,-2.000000
2.758391,-1.000000
2.759554,-1.000000
2.760717,-1.000000
2.761880,0.000000
2.763041,-1.000000
2.764200,0.000000
2.765364,-1.000000
2.766531,0.000000
2.767694,-1.000000
2.768856,-2.000000
2.770019,-1.000000
2.771182,-1.000000
2.772345,-1.000000
2.773503,-2.000000
2.774667,-1.000000
2.775834,-2.000000
2.776997,0.000000
2.778159,-1.000000
2.779322,-2.000000
2.780484,-1.000000
2.781647,-2.000000
2.782820,-2.000000
2.783968,-2.000000
2.785131,-1.000000
2.786298,-1.000000
2.787461,-1.000000
2.788624,-1.000000
2.789787,-1.000000
2.790949,-2.000000
2.792112,-3.000000
2.793293,-3.000000
2.794432,-2.000000
2.795596,-1.000000
2.796764,-1.000000
2.797926,0.000000
2.799089,-1.000000
2.800252,-1.000000
2.801417,0.000000
2.802625,-1.000000
2.803735,-2.000000
2.804899,-1.000000
2.806066,-1.000000
2.807229,-1.000000
2.808392,-2.000000
2.809554,-2.000000
2.810717,0.000000
2.811879,-1.000000
2.813092,-2.000000
2.814200,-2.000000
2.815364,-2.000000
2.816531,-2.000000
2.817693,-2.000000
2.818856,-1.000000
2.820020,-2.000000
2.821182,-2.000000
2.822345,-2.000000
2.823503,-1.000000
2.824666,-1.000000
2.825833,-1.000000
2.826996,0.000000
2.828159,-1.000000
2.829322,-1.000000
2.830485,-1.000000
2.831647,-2.000000
2.832809,-1.000000
2.833968,-1.000000
2.835130,-1.000000
2.836299,-1.000000
2.837461,-1.000000
2.838624,-2.000000
2.839787,-2.000000
2.840949,-1.000000
2.842112,0.000000
2.843275,0.000000
2.844434,-1.000000
2.845598,0.000000
2.846766,-2.000000
2.847928,-1.000000
2.849090,-2.000000
2.850252,-2.000000
2.851415,-1.000000
2.852577,-1.000000
2.853741,-1.000000
2.854899,-1.000000
2.856062,-2.000000
2.857230,-2.000000
2.858393,-2.000000
2.859555,-1.000000
2.860717,-1.000000
2.861879,-1.000000
2.863042,-1.000000
2.864282,-2.000000
2.865364,-1.000000
2.866531,-1.000000
2.867694,-2.000000
2.868856,-2.000000
2.870020,-1.000000
2.871182,-1.000000
2.872345,-1.000000
2.873504,-2.000000
2.874666,-1.000000
2.875829,-2.000000
2.876997,-2.000000
2.878159,-1.000000
2.879324,-2.000000
2.880485,-1.000000
2.881648,-1.000000
2.882810,-2.000000
2.883977,-1.000000
2.885131,-2.000000
2.886294,-2.000000
2.887462,-2.000000
2.888624,-1.000000
2.889787,-1.000000
2.890950,-1.000000
2.892112,-1.000000
2.893275,-1.000000
2.894439,-2.000000
2.895595,-2.000000
2.896759,-1.000000
2.897927,-1.000000
2.899089,-2.000000
2.900252,-2.000000
2.901414,-2.000000
2.902578,-2.000000
2.903740,-2.000000
2.904903,-3.000000
2.906060,-2.000000
2.907224,-1.000000
2.908392,-1.000000
2.909554,-2.000000
2.910717,-2.000000
2.911880,-2.000000
2.913042,-2.000000
2.914205,-2.000000
2.915365,-1.000000
2.916526,-1.000000
2.917690,-1.000000
2.918857,-2.000000
2.920020,-1.000000
2.921182,-1.000000
2.922345,-2.000000
2.923508,-1.000000
2.924671,0.000000
2.925838,-1.000000
2.926990,-2.000000
2.928154,-2.000000
2.929322,-2.000000
2.930485,-2.000000
2.931647,-2.000000
2.932810,-1.000000
2.933973,-1.000000
2.935136,-1.000000
2.936341,-1.000000
2.937456,-1.000000
2.938619,-2.000000
2.939787,-1.000000
2.940950,-1.000000
2.942112,-1.000000
2.943275,-1.000000
2.944438,-1.000000
2.945601,-2.000000
2.946758,-2.000000
2.947921,-2.000000
2.949089,-3.000000
2.950252,-3.000000
2.951415,-2.000000
2.952577,-1.000000
2.953740,-2.000000
2.954904,-2.000000
2.956067,-2.000000
2.957224,-2.000000
2.958390,-1.000000
2.959555,-1.000000
2.960717,-1.000000
2.961880,-2.000000
2.963043,-2.000000
2.964277,-1.000000
2.965370,-2.000000
2.966598,-2.000000
2.967691,-2.000000
2.968853,-1.000000
2.970020,-1.000000
2.971182,-1.000000
2.972345,-1.000000
2.973507,-1.000000
2.974670,-1.000000
2.975833,-1.000000
2.976991,-2.000000
2.978154,-2.000000
2.979322,-1.000000
2.980484,0.000000
2.981648,-1.000000
2.982810,-2.000000
2.983973,-1.000000
2.985135,0.000000
2.986301,0.000000
2.987456,-1.000000
2.988619,-2.000000
2.989788,-2.000000
2.990950,-1.000000
2.992112,-1.000000
2.993275,-1.000000
2.994438,-1.000000
2.995600,-1.000000
2.996763,-2.000000
2.997921,-2.000000
2.999084,-1.000000
3.000253,-1.000000
3.001415,-1.000000
3.002577,-2.000000
3.003740,-3.000000
3.004903,-1.000000
3.006066,0.000000
3.007228,-1.000000
3.008387,-1.000000
3.009550,-2.000000
3.010717,-2.000000
3.011879,-2.000000
3.013043,-1.000000
3.014205,-1.000000
3.015368,-1.000000
3.016531,-1.000000
3.017693,-1.000000
3.018851,-1.000000
3.020014,-1.000000
3.021182,-1.000000
3.022345,-1.000000
3.023508,-2.000000
3.024670,-2.000000
3.025834,-2.000000
3.026996,-1.000000
3.028186,0.000000
3.029316,0.000000
3.030480,-1.000000
3.031648,-1.000000
3.032810,0.000000
3.033973,0.000000
3.035135,-1.000000
3.036299,-2.000000
3.037461,-1.000000
3.038665,-2.000000
3.039782,-3.000000
3.040946,-2.000000
3.042112,-2.000000
3.043275,-2.000000
3.044439,-2.000000
3.045601,-2.000000
3.046764,-2.000000
3.047926,-2.000000
3.049142,-2.000000
3.050247,-1.000000
3.051411,-2.000000
3.052578,-2.000000
3.053740,-3.000000
3.054903,-3.000000
3.056066,-2.000000
3.057229,-1.000000
3.058394,-1.000000
3.059550,-2.000000
3.060714,-2.000000
3.061882,-2.000000
3.063043,-2.000000
3.064226,0.000000
3.065369,-1.000000
3.066531,-1.000000
3.067695,0.000000
3.068901,-1.000000
3.070016,-1.000000
3.071186,-1.000000
3.072347,-1.000000
3.073508,-1.000000
3.074671,-1.000000
3.075834,-1.000000
3.076996,-2.000000
3.078159,-2.000000
3.079317,-2.000000
3.080480,-1.000000
3.081648,-1.000000
3.082810,-1.000000
3.083973,-1.000000