15477.000000
15467.000000
15467.000000
15445.000000
15445.000000
15444.000000
15444.000000
15437.000000
15453.000000
15449.000000
15449.000000
15449.000000
15460.000000
15458.000000
15458.000000
15436.000000
15440.000000
15440.000000
15445.000000
15445.000000
15441.000000
15441.000000
15430.000000
15430.000000
15454.000000
15443.000000
15443.000000
15449.000000
15449.000000
15448.000000
15448.000000
15463.000000
15463.000000
15469.000000
15449.000000
15440.000000
15440.000000
15453.000000
15453.000000
15454.000000
15434.000000
15434.000000
15439.000000
15446.000000
15448.000000
15448.000000
15456.000000
15446.000000
15446.000000
15441.000000
15450.000000
15450.000000
15451.000000
15451.000000
15456.000000
15462.000000
15462.000000
15461.000000
15465.000000
15458.000000
15458.000000
15455.000000
15451.000000
15451.000000
15447.000000
15447.000000
15454.000000
15446.000000
15446.000000
15435.000000
15435.000000
15458.000000
15458.000000
15463.000000
15463.000000
15463.000000
15458.000000
15466.000000
15466.000000
15452.000000
15452.000000
15450.000000
15448.000000
15448.000000
15453.000000
15453.000000
15453.000000
15443.000000
15443.000000
15450.000000
15450.000000
15454.000000
15459.000000
15459.000000
15459.000000
15464.000000
15464.000000
15440.000000
15440.000000
15447.000000
15444.000000
15444.000000
15444.000000
15458.000000
15458.000000
15451.000000
15451.000000
15436.000000
15438.000000
15438.000000
15433.000000
15443.000000
15434.000000
15434.000000
15436.000000
15436.000000
15435.000000
15428.000000
15428.000000
15438.000000
15438.000000
15459.000000
15448.000000
15448.000000
15448.000000
15432.000000
15432.000000
15440.000000
15440.000000
15440.000000
15440.000000
15438.000000
15438.000000
15427.000000
15427.000000
15418.000000
15418.000000
15417.000000
15417.000000
15429.000000
15429.000000
15432.000000
15431.000000
15431.000000
15435.000000
15435.000000
15429.000000
15429.000000
15431.000000
15431.000000
15438.000000
15438.000000
15438.000000
15432.000000
15432.000000
15438.000000
15438.000000
15440.000000
15440.000000
15440.000000
15440.000000
15438.000000
15438.000000
15448.000000
15448.000000
15453.000000
15440.000000
15440.000000
15436.000000
15436.000000
15438.000000
15438.000000
15428.000000
15428.000000
15422.000000
15422.000000
15433.000000
15433.000000
15438.000000
15436.000000
15436.000000
15440.000000
15440.000000
15442.000000
15442.000000
15440.000000
15440.000000
15442.000000
15442.000000
15450.000000
15455.000000
15455.000000
15458.000000
15458.000000
15456.000000
15456.000000
15451.000000
15451.000000
15446.000000
15446.000000
15434.000000
15424.000000
15424.000000
15433.000000
15433.000000
15443.000000
15443.000000
15443.000000
15443.000000
15448.000000
15448.000000
15455.000000
15455.000000
15455.000000
15458.000000
15458.000000
15452.000000
15452.000000
15452.000000
15452.000000
15450.000000
15450.000000
15448.000000
15449.000000
15449.000000
15439.000000
15439.000000
15443.000000
15443.000000
15431.000000
15431.000000
15424.000000
15424.000000
15435.000000
15435.000000
15440.000000
15437.000000
15437.000000
15434.000000
15434.000000
15426.000000
15426.000000
15427.000000
15446.000000
15446.000000
15434.000000
15434.000000
15429.000000
15429.000000
15434.000000
15434.000000
15432.000000
15424.000000
15424.000000
15425.000000
15425.000000
15428.000000
15428.000000
15429.000000
15435.000000
15435.000000
15441.000000
15441.000000
15436.000000
15436.000000
15426.000000
15426.000000
15435.000000
15431.000000
15431.000000
15422.000000
15422.000000
15430.000000
15430.000000
15439.000000
15432.000000
15432.000000
15433.000000
15433.000000
15430.000000
15430.000000
15437.000000
15435.000000
15435.000000
15434.000000
15434.000000
15434.000000
15434.000000
15434.000000
15414.000000
15414.000000
15427.000000
15427.000000
15438.000000
15438.000000
15436.000000
15444.000000
15444.000000
15439.000000
15439.000000
15443.000000
15443.000000
15434.000000
15433.000000
15433.000000
15441.000000
15441.000000
15430.000000
15430.000000
15436.000000
15438.000000
15438.000000
15435.000000
15435.000000
15442.000000
15442.000000
15436.000000
15425.000000
15425.000000
15424.000000
15424.000000
15430.000000
15434.000000
15434.000000
15450.000000
15450.000000
15445.000000
15445.000000
15451.000000
15455.000000
15455.000000
15450.000000
15450.000000
15446.000000
15448.000000
15448.000000
15435.000000
15435.000000
15434.000000
15433.000000
15433.000000
15432.000000
15432.000000
15427.000000
15427.000000
15430.000000
15430.000000
15429.000000
15429.000000
15424.000000
15423.000000
15423.000000
15420.000000
15420.000000
15433.000000
15433.000000
15428.000000
15433.000000
15433.000000
15432.000000
15432.000000
15425.000000
15425.000000
15433.000000
15431.000000
15437.000000
15452.000000
15454.000000
15448.000000
15446.000000
15444.000000
15453.000000
15453.000000
15453.000000
15453.000000
15470.000000
15471.000000
15461.000000
15451.000000
15451.000000
15449.000000
15457.000000
15458.000000
15451.000000
15445.000000
15449.000000
15449.000000
15447.000000
15445.000000
15444.000000
15444.000000
15452.000000
15442.000000
15437.000000
15446.000000
15461.000000
15461.000000
15456.000000
15450.000000
15450.000000
15451.000000
15451.000000
15445.000000
15449.000000
15449.000000
15451.000000
15440.000000
15442.000000
15458.000000
15458.000000
15458.000000
15451.000000
15458.000000
15454.000000
15454.000000
15447.000000
15452.000000
15451.000000
15446.000000
15442.000000
15442.000000
15440.000000
15440.000000
15446.000000
15458.000000
15462.000000
15469.000000
15459.000000
15459.000000
15451.000000
15445.000000
15445.000000
15456.000000
15459.000000
15459.000000
15444.000000
15445.000000
15445.000000
15450.000000
15449.000000
15435.000000
15435.000000
15432.000000
15446.000000
15446.000000
15449.000000
15430.000000
15427.000000
15427.000000
15443.000000
15443.000000
15443.000000
15444.000000
15449.000000
15449.000000
15443.000000
15430.000000
15427.000000
15427.000000
15431.000000
15432.000000
15432.000000
15429.000000
15429.000000
15429.000000
15444.000000
15440.000000
15431.000000
15431.000000
15426.000000
15438.000000
15438.000000
15442.000000
15430.000000
15430.000000
15426.000000
15428.000000
15427.000000
15427.000000
15434.000000
15436.000000
15436.000000
15426.000000
15427.000000
15427.000000
15434.000000
15430.000000
15430.000000
15433.000000
15446.000000
15446.000000
15445.000000
15437.000000
15436.000000
15436.000000
15428.000000
15426.000000
15426.000000
15434.000000
15440.000000
15440.000000
15438.000000
15433.000000
15434.000000
15434.000000
15427.000000
15435.000000
15435.000000
15430.000000
15429.000000
15429.000000
15427.000000
15429.000000
15429.000000
15427.000000
15424.000000
15423.000000
15423.000000
15429.000000
15429.000000
15429.000000
15426.000000
15420.000000
15420.000000
15420.000000
15419.000000
15419.000000
15425.000000
15444.000000
15435.000000
15435.000000
15430.000000
15434.000000
15434.000000
15429.000000
15444.000000
15444.000000
15436.000000
15430.000000
15430.000000
15435.000000
15431.000000
15428.000000
15428.000000
15432.000000
15431.000000
15431.000000
15428.000000
15424.000000
15424.000000
15424.000000
15421.000000
15421.000000
15412.000000
15423.000000
15428.000000
15428.000000
15426.000000
15420.000000
15420.000000
15404.000000
15413.000000
15413.000000
15418.000000
15419.000000
15419.000000
15417.000000
15420.000000
15420.000000
15419.000000
15430.000000
15430.000000
15432.000000
15418.000000
15424.000000
15424.000000
15433.000000
15420.000000
15420.000000
15418.000000
15421.000000
15421.000000
15418.000000
15423.000000
15423.000000
15426.000000
15418.000000
15418.000000
15418.000000
15415.000000
15415.000000
15415.000000
15415.000000
15417.000000
15417.000000
15404.000000
15404.000000
15402.000000
15402.000000
15402.000000
15402.000000
15402.000000
15402.000000
15405.000000
15405.000000
15406.000000
15406.000000
15404.000000
15404.000000
15412.000000
15412.000000
15410.000000
15410.000000
15416.000000
15416.000000
15425.000000
15425.000000
15415.000000
15415.000000
15411.000000
15411.000000
15416.000000
15416.000000
15406.000000
15406.000000
15412.000000
15412.000000
15413.000000
15413.000000
15413.000000
15404.000000
15401.000000
15401.000000
15400.000000
15400.000000
15408.000000
15408.000000
15408.000000
15408.000000
15411.000000
15411.000000
15420.000000
15420.000000
15425.000000
15425.000000
15425.000000
15425.000000
15431.000000
15431.000000
15434.000000
15438.000000
15438.000000
15423.000000
15423.000000
15420.000000
15420.000000
15409.000000
15409.000000
15420.000000
15420.000000
15424.000000
15424.000000
15418.000000
15418.000000
15416.000000
15416.000000
15423.000000
15423.000000
15420.000000
15420.000000
15423.000000
15423.000000
15430.000000
15430.000000
15427.000000
15427.000000
15432.000000
15440.000000
15440.000000
15441.000000
15441.000000
15434.000000
15434.000000
15430.000000
15430.000000
15424.000000
15424.000000
15423.000000
15423.000000
15428.000000
15428.000000
15433.000000
15433.000000
15441.000000
15441.000000
15447.000000
15447.000000
15431.000000
15431.000000
15424.000000
15424.000000
15428.000000
15428.000000
15417.000000
15417.000000
15421.000000
15421.000000
15429.000000
15426.000000
15426.000000
15427.000000
15427.000000
15431.000000
15431.000000
15428.000000
15428.000000
15434.000000
15434.000000
15429.000000
15429.000000
15423.000000
15423.000000
15422.000000
15422.000000
15420.000000
15420.000000
15420.000000
15420.000000
15407.000000
15407.000000
15412.000000
15412.000000
15420.000000
15420.000000
15420.000000
15420.000000
15424.000000
15422.000000
15423.000000
15423.000000
15432.000000
15437.000000
15435.000000
15435.000000
15429.000000
15434.000000
15434.000000
15434.000000
15440.000000
15438.000000
15438.000000
15427.000000
15417.000000
15417.000000
15420.000000
15419.000000
15419.000000
15426.000000
15434.000000
15434.000000
15443.000000
15417.000000
15450.000000
15441.000000
15441.000000
15441.000000
15436.000000
15423.000000
15423.000000
15419.000000
15430.000000
15427.000000
15426.000000
15436.000000
15451.000000
15452.000000
15439.000000
15438.000000
15436.000000
15434.000000
15433.000000
15433.000000
15442.000000
15446.000000
15444.000000
15443.000000
15425.000000
15430.000000
15430.000000
15448.000000
15439.000000
15439.000000
15420.000000
15419.000000
15419.000000
15430.000000
15438.000000
15438.000000
15432.000000
15427.000000
15427.000000
15429.000000
15429.000000
15429.000000
15425.000000
15417.000000
15415.000000
15415.000000
15427.000000
15438.000000
15438.000000
15427.000000
15428.000000
15428.000000
15432.000000
15431.000000
15431.000000
15419.000000
15430.000000
15422.000000
15422.000000
15421.000000
15425.000000
15425.000000
15423.000000
15422.000000
15422.000000
15428.000000
15423.000000
15423.000000
15419.000000
15427.000000
15427.000000
15420.000000
15414.000000
15414.000000
15420.000000
15425.000000
15428.000000
15428.000000
15425.000000
15421.000000
15421.000000
15421.000000
15420.000000
15420.000000
15420.000000
15419.000000
15419.000000
15406.000000
15407.000000
15406.000000
15406.000000
15409.000000
15410.000000
15410.000000
15405.000000
15406.000000
15406.000000
15406.000000
15412.000000
15412.000000
15419.000000
15403.000000
15403.000000
15409.000000
15413.000000
15400.000000
15400.000000
15415.000000
15414.000000
15414.000000
15408.000000
15423.000000
15423.000000
15420.000000
15423.000000
15423.000000
15426.000000
15418.000000
15414.000000
15414.000000
15419.000000
15418.000000
15418.000000
15415.000000
15422.000000
15422.000000
15423.000000
15422.000000
15422.000000
15423.000000
15422.000000
15422.000000
15424.000000
15419.000000
15426.000000
15431.000000
15431.000000
15429.000000
15429.000000
15429.000000
15428.000000
15423.000000
15423.000000
15416.000000
15415.000000
15415.000000
15412.000000
15412.000000
15425.000000
15425.000000
15419.000000
15417.000000
15417.000000
15417.000000
15415.000000
15415.000000
15416.000000
15418.000000
15418.000000
15423.000000
15420.000000
15420.000000
15412.000000
15409.000000
15422.000000
15422.000000
15433.000000
15426.000000
15426.000000
15424.000000
15430.000000
15430.000000
15422.000000
15413.000000
15415.000000
15419.000000
15434.000000
15441.000000
15434.000000
15424.000000
15422.000000
15422.000000
15419.000000
15419.000000
15412.000000
15415.000000
15419.000000
15419.000000
15413.000000
15403.000000
15403.000000
15407.000000
15407.000000
15411.000000
15432.000000
15433.000000
15433.000000
15422.000000
15423.000000
15423.000000
15418.000000
15423.000000
15423.000000
15427.000000
15434.000000
15429.000000
15420.000000
15415.000000
15413.000000
15413.000000
15418.000000
15432.000000
15434.000000
15426.000000
15424.000000
15418.000000
15418.000000
15415.000000
15420.000000
15418.000000
15418.000000
15412.000000
15420.000000
15420.000000
15435.000000
15421.000000
15421.000000
15420.000000
15430.000000
15419.000000
15419.000000
15413.000000
15420.000000
15420.000000
15416.000000
15409.000000
15409.000000
15427.000000
15428.000000
15428.000000
15414.000000
15413.000000
15413.000000
15408.000000
15408.000000
15416.000000
15416.000000
15415.000000
15413.000000
15413.000000
15420.000000
15424.000000
15424.000000
15412.000000
15413.000000
15413.000000
15416.000000
15414.000000
15418.000000
15418.000000
15422.000000
15417.000000
15417.000000
15420.000000
15419.000000
15419.000000
15411.000000
15413.000000
15413.000000
15420.000000
15423.000000
15423.000000
15420.000000
15421.000000
15424.000000
15424.000000
15416.000000
15423.000000
15423.000000
15428.000000
15430.000000
15430.000000
15423.000000
15413.000000
15413.000000
15417.000000
15424.000000
15424.000000
15419.000000
15421.000000
15420.000000
15420.000000
15412.000000
15419.000000
15419.000000
15419.000000
15420.000000
15420.000000
15408.000000
15413.000000
15413.000000
15426.000000
15430.000000
15430.000000
15415.000000
15405.000000
15402.000000
15402.000000
15417.000000
15420.000000
15420.000000
15412.000000
15421.000000
15421.000000
15404.000000
15400.000000
15408.000000
15408.000000
15396.000000
15403.000000
15403.000000
15396.000000
15400.000000
15400.000000
15402.000000
15400.000000
15396.000000
15396.000000
15403.000000
15411.000000
15411.000000
15409.000000
15407.000000
15407.000000
15406.000000
15410.000000
15399.000000
15399.000000
15398.000000
15401.000000
15401.000000
15399.000000
15398.000000
15398.000000
15394.000000
15406.000000
15406.000000
15413.000000
15401.000000
15401.000000
15395.000000
15389.000000
15389.000000
15387.000000
15395.000000
15387.000000
15387.000000
15393.000000
15409.000000
15409.000000
15402.000000
15395.000000
15395.000000
15397.000000
15399.000000
15403.000000
15403.000000
15413.000000
15407.000000
15407.000000
15391.000000
15406.000000
15406.000000
15413.000000
15406.000000
15406.000000
15411.000000
15424.000000
15420.000000
15420.000000
15414.000000
15416.000000
15416.000000
15422.000000
15423.000000
15422.000000
15422.000000
15423.000000
15418.000000
15418.000000
15418.000000
15418.000000
15418.000000
15410.000000
15409.000000
15409.000000
15417.000000
15416.000000
15416.000000
15413.000000
15425.000000
15425.000000
15414.000000
15414.000000
15410.000000
15413.000000
15413.000000
15415.000000
15415.000000
15413.000000
15428.000000
15428.000000
15428.000000
15428.000000
15423.000000
15423.000000
15406.000000
15406.000000
15402.000000
15402.000000
15405.000000
15410.000000
15410.000000
15398.000000
15398.000000
15408.000000
15420.000000
15420.000000
15418.000000
15418.000000
15425.000000
15425.000000
15415.000000
15417.000000
15417.000000
15414.000000
15414.000000
15408.000000
15421.000000
15421.000000
15432.000000
15432.000000
15419.000000
15420.000000
15420.000000
15418.000000
15418.000000
15413.000000
15413.000000
15409.000000
15408.000000
15408.000000
15404.000000
15404.000000
15396.000000
15396.000000
15393.000000
15403.000000
15403.000000
15410.000000
15410.000000
15410.000000
15410.000000
15416.000000
15416.000000
15412.000000
15412.000000
15410.000000
15415.000000
15415.000000
15413.000000
15421.000000
15421.000000
15421.000000
15434.000000
15418.000000
15418.000000
15419.000000
15419.000000
15433.000000
15433.000000
15433.000000
15428.000000
15428.000000
15422.000000
15422.000000
15414.000000
15414.000000
15410.000000
15410.000000
15407.000000
15409.000000
15421.000000
15429.000000
15429.000000
15437.000000
15437.000000
15433.000000
15414.000000
15420.000000
15420.000000
15430.000000
15431.000000
15431.000000
15429.000000
15429.000000
15422.000000
15417.000000
15417.000000
15416.000000
15414.000000
15414.000000
15418.000000
15417.000000
15417.000000
15413.000000
15420.000000
15420.000000
15427.000000
15429.000000
15430.000000
15430.000000
15419.000000
15419.000000
15418.000000
15418.000000
15422.000000
15417.000000
15407.000000
15417.000000
15424.000000
15424.000000
15425.000000
15425.000000
15430.000000
15412.000000
15412.000000
15418.000000
15431.000000
15418.000000
15418.000000
15419.000000
15422.000000
15414.000000
15414.000000
15423.000000
15423.000000
15429.000000
15429.000000
15414.000000
15414.000000
15404.000000
15404.000000
15405.000000
15404.000000
15404.000000
15404.000000
15407.000000
15413.000000
15413.000000
15414.000000
15414.000000
15420.000000
15420.000000
15412.000000
15412.000000
15412.000000
15412.000000
15413.000000
15413.000000
15416.000000
15424.000000
15424.000000
15417.000000
15417.000000
15426.000000
15426.000000
15423.000000
15423.000000
15423.000000
15427.000000
15427.000000
15422.000000
15422.000000
15413.000000
15413.000000
15417.000000
15412.000000
15412.000000
15422.000000
15422.000000
15437.000000
15422.000000
15408.000000
15408.000000
15411.000000
15411.000000
15412.000000
15412.000000
15423.000000
15423.000000
15422.000000
15440.000000
15450.000000
15442.000000
15442.000000
15442.000000
15435.000000
15435.000000
15415.000000
15415.000000
15403.000000
15403.000000
15402.000000
15402.000000
15399.000000
15399.000000
15409.000000
15409.000000
15416.000000
15416.000000
15397.000000
15397.000000
15397.000000
15399.000000
15399.000000
15416.000000
15416.000000
15415.000000
15415.000000
15411.000000
15411.000000
15413.000000
15413.000000
15410.000000
15410.000000
15400.000000
15400.000000
15400.000000
15392.000000
15392.000000
15408.000000
15408.000000
15406.000000
15406.000000
15413.000000
15413.000000
15415.000000
15415.000000
15402.000000
15402.000000
15402.000000
15404.000000
15404.000000
15408.000000
15408.000000
15388.000000
15388.000000
15395.000000
15395.000000
15402.000000
15402.000000
15397.000000
15397.000000
15383.000000
15383.000000
15383.000000
15383.000000
15383.000000
15399.000000
15399.000000
15393.000000
15393.000000
15394.000000
15394.000000
15391.000000
15391.000000
15393.000000
15393.000000
15393.000000
15398.000000
15398.000000
15402.000000
15402.000000
15403.000000
15403.000000
15411.000000
15411.000000
15401.000000
15401.000000
15390.000000
15390.000000
15390.000000
15394.000000
15394.000000
15398.000000
15398.000000
15401.000000
15401.000000
15406.000000
15406.000000
15401.000000
15401.000000
15401.000000
15401.000000
15403.000000
15403.000000
15403.000000
15404.000000
15404.000000
15401.000000
15401.000000
15393.000000
15393.000000
15402.000000
15402.000000
15395.000000
15395.000000
15395.000000
15395.000000
15395.000000
15394.000000
15394.000000
15391.000000
15391.000000
15394.000000
15394.000000
15401.000000
15401.000000
15411.000000
15411.000000
15405.000000
15405.000000
15412.000000
15412.000000
15412.000000
15414.000000
15414.000000
15414.000000
15414.000000
15404.000000
15404.000000
15402.000000
15402.000000
15415.000000
15415.000000
15410.000000
15410.000000
15411.000000
15411.000000
15411.000000
15418.000000
15418.000000
15404.000000
15404.000000
15393.000000
15393.000000
15396.000000
15396.000000
15412.000000
15412.000000
15412.000000
15412.000000
15398.000000
15398.000000
15398.000000
15393.000000
15393.000000
15399.000000
15399.000000
15408.000000
15408.000000
15406.000000
15406.000000
15405.000000
15405.000000
15404.000000
15404.000000
15408.000000
15408.000000
15410.000000
15410.000000
15407.000000
15407.000000
15407.000000
15407.000000
15403.000000
15403.000000
15405.000000
15405.000000
15403.000000
15403.000000
15403.000000
15396.000000
15396.000000
15388.000000
15388.000000
15390.000000
15390.000000
15391.000000
15391.000000
15410.000000
15410.000000
15421.000000
15421.000000
15413.000000
15413.000000
15425.000000
15425.000000
15425.000000
15418.000000
15418.000000
15401.000000
15401.000000
15414.000000
15414.000000
15419.000000
15419.000000
15428.000000
15428.000000
15435.000000
15435.000000
15428.000000
15428.000000
15428.000000
15427.000000
15427.000000
15420.000000
15420.000000
15423.000000
15423.000000
15417.000000
15417.000000
15416.000000
15416.000000
15414.000000
15414.000000
15404.000000
15404.000000
15402.000000
15402.000000
15407.000000
15407.000000
15417.000000
15417.000000
15420.000000
15420.000000
15420.000000
15434.000000
15434.000000
15433.000000
15433.000000
15425.000000
15425.000000
15415.000000
15415.000000
15417.000000
15417.000000
15430.000000
15430.000000
15426.000000
15426.000000
15426.000000
15427.000000
15427.000000
15431.000000
15431.000000
15427.000000
15427.000000
15409.000000
15409.000000
15419.000000
15419.000000
15420.000000
15420.000000
15423.000000
15423.000000
15423.000000
15426.000000
15426.000000
15424.000000
15424.000000
15425.000000
15425.000000
15426.000000
15426.000000
15424.000000
15424.000000
15416.000000
15416.000000
15416.000000
15416.000000
15416.000000
15424.000000
15424.000000
15426.000000
15426.000000
15412.000000
15412.000000
15408.000000
15408.000000
15408.000000
15413.000000
15413.000000
15401.000000
15401.000000
15401.000000
15401.000000
15412.000000
15412.000000
15412.000000
15410.000000
15411.000000
15411.000000
15411.000000
15411.000000
15407.000000
15407.000000
15413.000000
15413.000000
15432.000000
15432.000000
15427.000000
15427.000000
15424.000000
15424.000000
15427.000000
15427.000000
15426.000000
15426.000000
15416.000000
15416.000000
15421.000000
15421.000000
15424.000000
15424.000000
15420.000000
15420.000000
15419.000000
15419.000000
15413.000000
15413.000000
15411.000000
15411.000000
15422.000000
15422.000000
15427.000000
15427.000000
15412.000000
15412.000000
15411.000000
15411.000000
15404.000000
15404.000000
15417.000000
15417.000000
15424.000000
15424.000000
15420.000000
15420.000000
15413.000000
15413.000000
15415.000000
15415.000000
15414.000000
15414.000000
15408.000000
15408.000000
15407.000000
15407.000000
15420.000000
15420.000000
15419.000000
15419.000000
15403.000000
15403.000000
15399.000000
15399.000000
15406.000000
15406.000000
15414.000000
15414.000000
15417.000000
15417.000000
15408.000000
15408.000000
15410.000000
15410.000000
15406.000000
15406.000000
15411.000000
15411.000000
15401.000000
15401.000000
15395.000000
15395.000000
15409.000000
15409.000000
15414.000000
15414.000000
15406.000000
15406.000000
15412.000000
15414.000000
15414.000000
15416.000000
15416.000000
15410.000000
15410.000000
15405.000000
15405.000000
15391.000000
15391.000000
15400.000000
15400.000000
15409.000000
15409.000000
15402.000000
15402.000000
15404.000000
15404.000000
15409.000000
15409.000000
15406.000000
15406.000000
15409.000000
15409.000000
15399.000000
15399.000000
15402.000000
15407.000000
15407.000000
15404.000000
15404.000000
15405.000000
15405.000000
15401.000000
15399.000000
15399.000000
15411.000000
15418.000000
15419.000000
15419.000000
15426.000000
15418.000000
15425.000000
15425.000000
15414.000000
15412.000000
15415.000000
15415.000000
15425.000000
15421.000000
15412.000000
15412.000000
15419.000000
15421.000000
15419.000000
15419.000000
15415.000000
15421.000000
15421.000000
15421.000000
15419.000000
15428.000000
15421.000000
15421.000000
15407.000000
15416.000000
15420.000000
15417.000000
15417.000000
15411.000000
15405.000000
15404.000000
15404.000000
15406.000000
15400.000000
15413.000000
15413.000000
15409.000000
15396.000000
15403.000000
15403.000000
15393.000000
15400.000000
15400.000000
15400.000000
15399.000000
15411.000000
15404.000000
15404.000000
15410.000000
15400.000000
15392.000000
15392.000000
15401.000000
15412.000000
15390.000000
15390.000000
15391.000000
15404.000000
15416.000000
15416.000000
15420.000000
15431.000000
15427.000000
15427.000000
15424.000000
15424.000000
15415.000000
15415.000000
15406.000000
15406.000000
15392.000000
15392.000000
15388.000000
15388.000000
15402.000000
15402.000000
15408.000000
15408.000000
15399.000000
15399.000000
15392.000000
15392.000000
15389.000000
15389.000000
15392.000000
15392.000000
15386.000000
15386.000000
15394.000000
15394.000000
15401.000000
15401.000000
15399.000000
15399.000000
15403.000000
15403.000000
15393.000000
15393.000000
15385.000000
15385.000000
15398.000000
15398.000000
15401.000000
15401.000000
15389.000000
15389.000000
15391.000000
15391.000000
15399.000000
15399.000000
15396.000000
15394.000000
15394.000000
15395.000000
15395.000000
15405.000000
15405.000000
15404.000000
15404.000000
15412.000000
15412.000000
15392.000000
15392.000000
15393.000000
15393.000000
15398.000000
15398.000000
15390.000000
15396.000000
15396.000000
15400.000000
15400.000000
15410.000000
15410.000000
15395.000000
15395.000000
15384.000000
15384.000000
15394.000000
15394.000000
15403.000000
15403.000000
15395.000000
15395.000000
15399.000000
15399.000000
15406.000000
15406.000000
15401.000000
15399.000000
15399.000000
15413.000000
15413.000000
15410.000000
15410.000000
15414.000000
15414.000000
15417.000000
15417.000000
15415.000000
15415.000000
15414.000000
15414.000000
15411.000000
15411.000000
15400.000000
15400.000000
15402.000000
15402.000000
15401.000000
15401.000000
15398.000000
15408.000000
15408.000000
15411.000000
15411.000000
15423.000000
15423.000000
15413.000000
15413.000000
15404.000000
15404.000000
15403.000000
15403.000000
15390.000000
15390.000000
15402.000000
15406.000000
15406.000000
15405.000000
15405.000000
15405.000000
15407.000000
15407.000000
15402.000000
15402.000000
15389.000000
15389.000000
15389.000000
15389.000000
15397.000000
15397.000000
15397.000000
15389.000000
15389.000000
15386.000000
15386.000000
15401.000000
15401.000000
15403.000000
15395.000000
15395.000000
15407.000000
15411.000000
15411.000000
15406.000000
15412.000000
15412.000000
15417.000000
15414.000000
15414.000000
15398.000000
15406.000000
15406.000000
15414.000000
15410.000000
15407.000000
15407.000000
15424.000000
15425.000000
15425.000000
15416.000000
15416.000000
15418.000000
15414.000000
15414.000000
15410.000000
15412.000000
15412.000000
15408.000000
15398.000000
15398.000000
15393.000000
15398.000000
15398.000000
15408.000000
15401.000000
15401.000000
15405.000000
15413.000000
15413.000000
15415.000000
15409.000000
15409.000000
15406.000000
15404.000000
15404.000000
15410.000000
15407.000000
15407.000000
15407.000000
15413.000000
15413.000000
15412.000000
15399.000000
15399.000000
15402.000000
15409.000000
15409.000000
15408.000000
15407.000000
15407.000000
15408.000000
15410.000000
15410.000000
15404.000000
15404.000000
15399.000000
15408.000000
15408.000000
15403.000000
15403.000000
15409.000000
15403.000000
15403.000000
15401.000000
15401.000000
15398.000000
15400.000000
15400.000000
15400.000000
15400.000000
15400.000000
15403.000000
15403.000000
15410.000000
15409.000000
15409.000000
15413.000000
15413.000000
15418.000000
15396.000000
15416.000000
15425.000000
15414.000000
15418.000000
15418.000000
15410.000000
15410.000000
15401.000000
15408.000000
15408.000000
15409.000000
15408.000000
15408.000000
15408.000000
15415.000000
15415.000000
15423.000000
15430.000000
15430.000000
15414.000000
15414.000000
15410.000000
15400.000000
15400.000000
15408.000000
15413.000000
15413.000000
15398.000000
15397.000000
15397.000000
15406.000000
15406.000000
15411.000000
15411.000000
15405.000000
15411.000000
15411.000000
15416.000000
15407.000000
15407.000000
15399.000000
15399.000000
15412.000000
15412.000000
15399.000000
15399.000000
15394.000000
15397.000000
15397.000000
15410.000000
15422.000000
15422.000000
15419.000000
15419.000000
15407.000000
15407.000000
15413.000000
15414.000000
15414.000000
15396.000000
15401.000000
15401.000000
15404.000000
15404.000000
15421.000000
15415.000000
15415.000000
15406.000000
15406.000000
15413.000000
15417.000000
15417.000000
15423.000000
15407.000000
15407.000000
15404.000000
15404.000000
15404.000000
15404.000000
15404.000000
15402.000000
15402.000000
15395.000000
15399.000000
15399.000000
15396.000000
15396.000000
15411.000000
15399.000000
15399.000000
15403.000000
15403.000000
15412.000000
15395.000000
15395.000000
15394.000000
15417.000000
15417.000000
15407.000000
15407.000000
15403.000000
15396.000000
15396.000000
15392.000000
15392.000000
15411.000000
15410.000000
15410.000000
15397.000000
15397.000000
15400.000000
15400.000000
15401.000000
15405.000000
15405.000000
15392.000000
15399.000000
15399.000000
15414.000000
15414.000000
15416.000000
15416.000000
15405.000000
15402.000000
15402.000000
15390.000000
15390.000000
15402.000000
15400.000000
15400.000000
15396.000000
15401.000000
15401.000000
15388.000000
15388.000000
15403.000000
15403.000000
15397.000000
15395.000000
15395.000000
15397.000000
15397.000000
15391.000000
15389.000000
15389.000000
15389.000000
15389.000000
15402.000000
15420.000000
15420.000000
15409.000000
15409.000000
15412.000000
15412.000000
15413.000000
15408.000000
15408.000000
15391.000000
15391.000000
15406.000000
15406.000000
15408.000000
15391.000000
15391.000000
15395.000000
15395.000000
15400.000000
15400.000000
15403.000000
15398.000000
15398.000000
15398.000000
15398.000000
15413.000000
15401.000000
15401.000000
15401.000000
15397.000000
15402.000000
15402.000000
15394.000000
15394.000000
15404.000000
15404.000000
15416.000000
15416.000000
15404.000000
15404.000000
15398.000000
15400.000000
15400.000000
15400.000000
15405.000000
15403.000000
15403.000000
15416.000000
15416.000000
15416.000000
15417.000000
15417.000000
15422.000000
15422.000000
15426.000000
15428.000000
15426.000000
15426.000000
15428.000000
15428.000000
15423.000000
15431.000000
15431.000000
15441.000000
15441.000000
15430.000000
15430.000000
15416.000000
15416.000000
15426.000000
15426.000000
15422.000000
15422.000000
15422.000000
15400.000000
15400.000000
15390.000000
15390.000000
15386.000000
15386.000000
15390.000000
15390.000000
15388.000000
15388.000000
15397.000000
15397.000000
15400.000000
15400.000000
15400.000000
15393.000000
15393.000000
15389.000000
15389.000000
15388.000000
15388.000000
15393.000000
15393.000000
15393.000000
15397.000000
15397.000000
15393.000000
15393.000000
15391.000000
15391.000000
15425.000000
15425.000000
15425.000000
15415.000000
15415.000000
15405.000000
15405.000000
15401.000000
15393.000000
15393.000000
15398.000000
15398.000000
15398.000000
15398.000000
15389.000000
15389.000000
15387.000000
15387.000000
15397.000000
15397.000000
15395.000000
15395.000000
15395.000000
15396.000000
15396.000000
15394.000000
15394.000000
15392.000000
15392.000000
15384.000000
15384.000000
15377.000000
15377.000000
15390.000000
15390.000000
15403.000000
15403.000000
15384.000000
15384.000000
15384.000000
15384.000000
15394.000000
15394.000000
15393.000000
15393.000000
15407.000000
15407.000000
15420.000000
15420.000000
15398.000000
15398.000000
15398.000000
15412.000000
15412.000000
15419.000000
15419.000000
15392.000000
15392.000000
15398.000000
15398.000000
15412.000000
15412.000000
15403.000000
15403.000000
15393.000000
15393.000000
15392.000000
15392.000000
15392.000000
15398.000000
15398.000000
15403.000000
15403.000000
15405.000000
15405.000000
15398.000000
15398.000000
15402.000000
15402.000000
15405.000000
15405.000000
15396.000000
15396.000000
15383.000000
15383.000000
15383.000000
15399.000000
15399.000000
15406.000000
15406.000000
15402.000000
15402.000000
15402.000000
15402.000000
15392.000000
15392.000000
15402.000000
15402.000000
15390.000000
15390.000000
15390.000000
15382.000000
15382.000000
15385.000000
15385.000000
15392.000000
15392.000000
15402.000000
15402.000000
15402.000000
15402.000000
15400.000000
15400.000000
15401.000000
15401.000000
15394.000000
15394.000000
15394.000000
15402.000000
15402.000000
15402.000000
15402.000000
15395.000000
15395.000000
15402.000000
15402.000000
15393.000000
15393.000000
15387.000000
15387.000000
15403.000000
15403.000000
15412.000000
15412.000000
15406.000000
15406.000000
15402.000000
15402.000000
15402.000000
15409.000000
15409.000000
15414.000000
15414.000000
15397.000000
15397.000000
15398.000000
15398.000000
15410.000000
15410.000000
15418.000000
15418.000000
15408.000000
15408.000000
15407.000000
15407.000000
15407.000000
15405.000000
15405.000000
15403.000000
15403.000000
15407.000000
15407.000000
15404.000000
15404.000000
15398.000000
15398.000000
15397.000000
15397.000000
15390.000000
15390.000000
15403.000000
15403.000000
15403.000000
15399.000000
15399.000000
15400.000000
15400.000000
15404.000000
15404.000000
15404.000000
15404.000000
15407.000000
15407.000000
15401.000000
15401.000000
15399.000000
15399.000000
15399.000000
15393.000000
15393.000000
15388.000000
15388.000000
15395.000000
15395.000000
15397.000000
15397.000000
15403.000000
15403.000000
15402.000000
15402.000000
15404.000000
15404.000000
15404.000000
15400.000000
15400.000000
15391.000000
15391.000000
15398.000000
15398.000000
15403.000000
15403.000000
15398.000000
15398.000000
15402.000000
15402.000000
15403.000000
15403.000000
15379.000000
15379.000000
15379.000000
15389.000000
15389.000000
15401.000000
15401.000000
15393.000000
15393.000000
15390.000000
15390.000000
15393.000000
15393.000000
15390.000000
15390.000000
15391.000000
15391.000000
15401.000000
15401.000000
15401.000000
15401.000000
15401.000000
15400.000000
15400.000000
15397.000000
15397.000000
15409.000000
15409.000000
15416.000000
15416.000000
15408.000000
15408.000000
15402.000000
15402.000000
15413.000000
15413.000000
15409.000000
15409.000000
15407.000000
15407.000000
15407.000000
15416.000000
15416.000000
15422.000000
15422.000000
15413.000000
15413.000000
15408.000000
15408.000000
15401.000000
15401.000000
15395.000000
15395.000000
15403.000000
15403.000000
15404.000000
15404.000000
15404.000000
15393.000000
15393.000000
15395.000000
15395.000000
15411.000000
15411.000000
15401.000000
15401.000000
15388.000000
15388.000000
15383.000000
15383.000000
15390.000000
15390.000000
15405.000000
15405.000000
15420.000000
15420.000000
15404.000000
15400.000000
15400.000000
15413.000000
15413.000000
15417.000000
15417.000000
15417.000000
15413.000000
15413.000000
15403.000000
15403.000000
15407.000000
15407.000000
15396.000000
15396.000000
15392.000000
15392.000000
15396.000000
15396.000000
15396.000000
15396.000000
15395.000000
15395.000000
15395.000000
15384.000000
15384.000000
15377.000000
15377.000000
15384.000000
15384.000000
15375.000000
15375.000000
15376.000000
15376.000000
15393.000000
15393.000000
15393.000000
15393.000000
15382.000000
15382.000000
15383.000000
15383.000000
15383.000000
15383.000000
15379.000000
15379.000000
15379.000000
15397.000000
15397.000000
15394.000000
15394.000000
15389.000000
15389.000000
15396.000000
15396.000000
15397.000000
15397.000000
15400.000000
15400.000000
15399.000000
15399.000000
15402.000000
15402.000000
15402.000000
15408.000000
15408.000000
15399.000000
15399.000000
15390.000000
15390.000000
15382.000000
15382.000000
15387.000000
15387.000000
15398.000000
15398.000000
15404.000000
15404.000000
15412.000000
15412.000000
15412.000000
15423.000000
15423.000000
15407.000000
15407.000000
15405.000000
15405.000000
15396.000000
15396.000000
15394.000000
15394.000000
15389.000000
15389.000000
15388.000000
15388.000000
15386.000000
15386.000000
15390.000000
15390.000000
15391.000000
15391.000000
15391.000000
15391.000000
15391.000000
15393.000000
15397.000000
15397.000000
15397.000000
15402.000000
15402.000000
15399.000000
15399.000000
15393.000000
15393.000000
15380.000000
15380.000000
15383.000000
15383.000000
15392.000000
15392.000000
15394.000000
15394.000000
15394.000000
15394.000000
15394.000000
15387.000000
15387.000000
15387.000000
15387.000000
15401.000000
15401.000000
15408.000000
15408.000000
15404.000000
15404.000000
15403.000000
15403.000000
15403.000000
15410.000000
15410.000000
15407.000000
15407.000000
15410.000000
15410.000000
15415.000000
15415.000000
15403.000000
15403.000000
15399.000000
15399.000000
15398.000000
15398.000000
15398.000000
15401.000000
15401.000000
15397.000000
15397.000000
15393.000000
15393.000000
15391.000000
15391.000000
15385.000000
15385.000000
15389.000000
15389.000000
15395.000000
15395.000000
15389.000000
15389.000000
15389.000000
15389.000000
15389.000000
15384.000000
15384.000000
15393.000000
15393.000000
15397.000000
15397.000000
15396.000000
15396.000000
15391.000000
15391.000000
15395.000000
15395.000000
15387.000000
15387.000000
15393.000000
15393.000000
15393.000000
15399.000000
15399.000000
15402.000000
15402.000000
15399.000000
15399.000000
15385.000000
15385.000000
15386.000000
15386.000000
15389.000000
15389.000000
15391.000000
15391.000000
15396.000000
15396.000000
15389.000000
15389.000000
15389.000000
15392.000000
15392.000000
15396.000000
15396.000000
15399.000000
15399.000000
15385.000000
15385.000000
15384.000000
15384.000000
15386.000000
15386.000000
15377.000000
15377.000000
15366.000000
15366.000000
15381.000000
15381.000000
15381.000000
15384.000000
15384.000000
15380.000000
15380.000000
15379.000000
15379.000000
15388.000000
15381.000000
15405.000000
15399.000000
15399.000000
15406.000000
15406.000000
15389.000000
15389.000000
15380.000000
15380.000000
15384.000000
15384.000000
15385.000000
15385.000000
15385.000000
15381.000000
15381.000000
15379.000000
15379.000000
15377.000000
15377.000000
15394.000000
15394.000000
15399.000000
15399.000000
15392.000000
15392.000000
15384.000000
15384.000000
15377.000000
15377.000000
15377.000000
15377.000000
15383.000000
15383.000000
15371.000000
15371.000000
15387.000000
15387.000000
15393.000000
15393.000000
15388.000000
15388.000000
15388.000000
15378.000000
15378.000000
15383.000000
15383.000000
15390.000000
15390.000000
15389.000000
15389.000000
15380.000000
15380.000000
15375.000000
15375.000000
15372.000000
15372.000000
15372.000000
15373.000000
15373.000000
15373.000000
15373.000000
15372.000000
15372.000000
15370.000000
15370.000000
15369.000000
15369.000000
15371.000000
15371.000000
15373.000000
15373.000000
15370.000000
15370.000000
15370.000000
15381.000000
15381.000000
15383.000000
15383.000000
15379.000000
15379.000000
15374.000000
15374.000000
15370.000000
15370.000000
15375.000000
15375.000000
15387.000000
15387.000000
15391.000000
15391.000000
15391.000000
15381.000000
15381.000000
15378.000000
15378.000000
15381.000000
15381.000000
15382.000000
15382.000000
15374.000000
15374.000000
15377.000000
15377.000000
15375.000000
15375.000000
15375.000000
15380.000000
15380.000000
15375.000000
15375.000000
15358.000000
15358.000000
15368.000000
15368.000000
15376.000000
15376.000000
15388.000000
15388.000000
15390.000000
15390.000000
15390.000000
15388.000000
15388.000000
15385.000000
15385.000000
15387.000000
15387.000000
15380.000000
15380.000000
15376.000000
15376.000000
15390.000000
15390.000000
15392.000000
15392.000000
15389.000000
15389.000000
15389.000000
15396.000000
15396.000000
15401.000000
15401.000000
15398.000000
15398.000000
15397.000000
15397.000000
15398.000000
15398.000000
15396.000000
15396.000000
15386.000000
15386.000000
15382.000000
15382.000000
15389.000000
15389.000000
15389.000000
15392.000000
15392.000000
15388.000000
15388.000000
15394.000000
15394.000000
15392.000000
15392.000000
15378.000000
15378.000000
15379.000000
15379.000000
15378.000000
15378.000000
15378.000000
15380.000000
15380.000000
15398.000000
15398.000000
15408.000000
15408.000000
15393.000000
15393.000000
15392.000000
15392.000000
15386.000000
15386.000000
15392.000000
15392.000000
15391.000000
15391.000000
15391.000000
15380.000000
15380.000000
15391.000000
15391.000000
15389.000000
15389.000000
15386.000000
15386.000000
15394.000000
15394.000000
15390.000000
15390.000000
15388.000000
15388.000000
15388.000000
15391.000000
15391.000000
15379.000000
15379.000000
15363.000000
15363.000000
15382.000000
15382.000000
15404.000000
15404.000000
15397.000000
15397.000000
15388.000000
15388.000000
15391.000000
15391.000000
15391.000000
15404.000000
15404.000000
15403.000000
15403.000000
15402.000000
15402.000000
15395.000000
15395.000000
15394.000000
15394.000000
15392.000000
15392.000000
15392.000000
15410.000000
15410.000000
15407.000000
15407.000000
15396.000000
15396.000000
15390.000000
15390.000000
15392.000000
15392.000000
15380.000000
15380.000000
15399.000000
15399.000000
15391.000000
15391.000000
15391.000000
15377.000000
15377.000000
15380.000000
15380.000000
15396.000000
15396.000000
15396.000000
15396.000000
15390.000000
15390.000000
15383.000000
15383.000000
15381.000000
15381.000000
15385.000000
15385.000000
15385.000000
15388.000000
15388.000000
15394.000000
15394.000000
15391.000000
15391.000000
15387.000000
15387.000000
15390.000000
15390.000000
15380.000000
15380.000000
15394.000000
15394.000000
15394.000000
15406.000000
15406.000000
15387.000000
15387.000000
15390.000000
15390.000000
15407.000000
15407.000000
15390.000000
15390.000000
15379.000000
15379.000000
15390.000000
15390.000000
15390.000000
15381.000000
15381.000000
15379.000000
15379.000000
15389.000000
15389.000000
15397.000000
15397.000000
15397.000000
15397.000000
15396.000000
15396.000000
15403.000000
15403.000000
15403.000000
15406.000000
15406.000000
15402.000000
15402.000000
15401.000000
15401.000000
15399.000000
15399.000000
15401.000000
15401.000000
15406.000000
15406.000000
15397.000000
15397.000000
15398.000000
15398.000000
15395.000000
15395.000000
15395.000000
15386.000000
15386.000000
15378.000000
15378.000000
15389.000000
15389.000000
15392.000000
15392.000000
15394.000000
15394.000000
15388.000000
15388.000000
15393.000000
15393.000000
15405.000000
15405.000000
15405.000000
15400.000000
15400.000000
15396.000000
15396.000000
15401.000000
15401.000000
15396.000000
15396.000000
15390.000000
15390.000000
15382.000000
15382.000000
15378.000000
15378.000000
15385.000000
15385.000000
15385.000000
15379.000000
15379.000000
15385.000000
15385.000000
15392.000000
15392.000000
15391.000000
15391.000000
15389.000000
15389.000000
15386.000000
15386.000000
15400.000000
15400.000000
15400.000000
15390.000000
15390.000000
15384.000000
15384.000000
15389.000000
15389.000000
15375.000000
15375.000000
15390.000000
15390.000000
15405.000000
15405.000000
15398.000000
15398.000000
15398.000000
15396.000000
15396.000000
15390.000000
15390.000000
15377.000000
15377.000000
15385.000000
15385.000000
15383.000000
15383.000000
15391.000000
15391.000000
15383.000000
15383.000000
15376.000000
15376.000000
15376.000000
15395.000000
15395.000000
15386.000000
15386.000000
15366.000000
15366.000000
15366.000000
15366.000000
15374.000000
15374.000000
15382.000000
15382.000000
15393.000000
15393.000000
15390.000000
15390.000000
15390.000000
15393.000000
15393.000000
15397.000000
15397.000000
15391.000000
15391.000000
15393.000000
15393.000000
15400.000000
15400.000000
15393.000000
15393.000000
15386.000000
15386.000000
15377.000000
15377.000000
15368.000000
15368.000000
15368.000000
15379.000000
15379.000000
15382.000000
15382.000000
15380.000000
15380.000000
15376.000000
15376.000000
15396.000000
15396.000000
15394.000000
15394.000000
15389.000000
15389.000000
15387.000000
15387.000000
15387.000000
15398.000000
15398.000000
15409.000000
15409.000000
15403.000000
15403.000000
15396.000000
15396.000000
15389.000000
15389.000000
15388.000000
15388.000000
15372.000000
15372.000000
15372.000000
15379.000000
15379.000000
15387.000000
15387.000000
15383.000000
15383.000000
15382.000000
15382.000000
15386.000000
15386.000000
15389.000000
15389.000000
15398.000000
15398.000000
15392.000000
15392.000000
15392.000000
15385.000000
15385.000000
15378.000000
15378.000000
15379.000000
15379.000000
15387.000000
15387.000000
15396.000000
15396.000000
15382.000000
15382.000000
15381.000000
15381.000000
15381.000000
15392.000000
15392.000000
15386.000000
15386.000000
15393.000000
15393.000000
15377.000000
15377.000000
15383.000000
15383.000000
15382.000000
15382.000000
15379.000000
15379.000000
15389.000000
15389.000000
15389.000000
15391.000000
15391.000000
15386.000000
15386.000000
15384.000000
15384.000000
15402.000000
15402.000000
15395.000000
15395.000000
15387.000000
15387.000000
15398.000000
15398.000000
15399.000000
15399.000000
15399.000000
15392.000000
15392.000000
15380.000000
15380.000000
15377.000000
15377.000000
15377.000000
15377.000000
15374.000000
15374.000000
15379.000000
15379.000000
15378.000000
15378.000000
15385.000000
15385.000000
15384.000000
15384.000000
15374.000000
15374.000000
15378.000000
15378.000000
15378.000000
15375.000000
15375.000000
15378.000000
15378.000000
15394.000000
15394.000000
15396.000000
15396.000000
15393.000000
15393.000000
15384.000000
15384.000000
15382.000000
15382.000000
15386.000000
15386.000000
15386.000000
15388.000000
15388.000000
15386.000000
15386.000000
15379.000000
15379.000000
15380.000000
15380.000000
15384.000000
15384.000000
15381.000000
15381.000000
15390.000000
15390.000000
