time,latitude,longitude,speed6610.64251524,45.631356667,-122.251066667,23.03685891907425
6611.457058407,45.631356667,-122.251066667,22.755430978817095
6611.635346431,45.631356667,-122.251066667,22.43815518070764
6612.583967468,45.6313,-122.251056667,23.995315086748526
6612.661218628,45.6313,-122.251056667,25.23172138302684
6612.839547263,45.63123,-122.251046667,24.110168455986265
6613.46509895,45.63123,-122.251046667,23.102816807479808
6613.642316235,45.631176667,-122.251038333,23.40720095506851
6614.457148941,45.631176667,-122.251038333,21.911106295989985
6614.634579006,45.631123333,-122.251041667,19.46259991782887
6615.4592459119995,45.631123333,-122.251041667,18.640198404698992
6615.637559805,45.631053333,-122.251058333,16.93221609497887
6616.465159864,45.631053333,-122.251058333,10.439034340270863
6616.643505387,45.631053333,-122.251058333,11.070258628614374
6617.5859614559995,45.630998333,-122.251096667,12.801590411444078
6617.663434545,45.630998333,-122.251096667,12.346162436441972
6617.840640403,45.630951667,-122.25116,14.144840481747817
6618.466233105,45.630951667,-122.25116,16.495140137976747
6618.642407299,45.630911667,-122.251245,16.348045992827164
6619.459397476,45.630911667,-122.251245,14.892640732077815
6619.635598393,45.630893333,-122.251348333,13.28799648968733
6620.460589353,45.630893333,-122.251348333,10.671524487390993
6620.637777284,45.630878333,-122.251463333,6.092394534096564
6621.4672786989995,45.630878333,-122.251463333,7.04271101742348
6621.644645892,45.630878333,-122.251463333,14.445511282533475
6622.58482794,45.630866667,-122.25158,19.017184337179756
6622.662125211,45.630866667,-122.25158,18.8056676008422
6622.839324586,45.630851667,-122.2517,19.72696154553176
6623.45942863,45.630851667,-122.2517,21.839946521027485
6623.6366619870005,45.630836667,-122.251816667,22.67492774600763
6624.467553308,45.630836667,-122.251816667,21.168812172851748
6624.645828607,45.630808333,-122.251915,22.232944499287324
6625.468887052,45.630808333,-122.251915,21.63309482223943
6625.646922847,45.630748333,-122.251991667,20.58692241657424
6626.469858382,45.630748333,-122.251991667,18.25090224998323
6626.64678929,45.630748333,-122.251991667,15.058780057182624
6627.586270599,45.630678333,-122.252066667,12.061980138466302
6627.6637667800005,45.630678333,-122.252066667,7.419997031499557
6627.839758822,45.630595,-122.25212,6.967961166587835
6628.459970308,45.630595,-122.25212,7.142306612986125
6628.634670664,45.630505,-122.252155,12.333016307611626
6629.459931083,45.630505,-122.252155,15.103837794445964
6629.636948528,45.630416667,-122.252178333,17.493100490558533
6630.468695597,45.630416667,-122.252178333,19.292496341855244
6630.645950398,45.630343333,-122.252195,19.880677312710986
6631.4690820060005,45.630343333,-122.252195,20.796733030578622
6631.64812437,45.630343333,-122.252195,21.251932681231146
6632.589251421,45.630291667,-122.252211667,21.407771390423015
6632.665753883,45.630291667,-122.252211667,22.6188015947209
6632.842757402,45.630253333,-122.25223,20.477802844243918
6633.45904629,45.630253333,-122.25223,17.76447970350607
6633.637129139,45.630211667,-122.252248333,9.657144243518566
6634.469137264,45.630211667,-122.252248333,9.9875319020147
6634.646051522,45.630165,-122.252265,15.210172843164754
6635.45902844,45.630165,-122.252265,18.105629161648153
6635.6391985049995,45.630123333,-122.252283333,19.71340559816073
6636.458080935,45.630123333,-122.252283333,20.331463938550375
6636.636153024,45.630123333,-122.252283333,22.76917174266765
6637.593412161,45.63009,-122.252296667,24.955652215968115
6637.6698866219995,45.63009,-122.252296667,25.31393475175739
6637.849036801,45.630038333,-122.252311667,25.538932669558495
6638.461637001999,45.630038333,-122.252311667,25.368918869453587
6638.641457154,45.629966667,-122.252328333,25.937737973831254
6639.468338385,45.629966667,-122.252328333,25.97412649511889
6639.647157374,45.629881667,-122.252348333,26.45926153258619
6640.458145129,45.629881667,-122.252348333,25.726525994714617
6640.636256866,45.629796667,-122.252365,27.614590933620253
6641.459397948,45.629796667,-122.252365,23.995630609107955
6641.638562682,45.629796667,-122.252365,24.11251571676392
6642.594550481,45.629725,-122.252375,23.976595817588624
6642.671682785,45.629725,-122.252375,23.415320333906465
6642.8510583,45.629678333,-122.252381667,21.305655812102025
6643.458305178,45.629678333,-122.252381667,20.06077773575184
6643.636399119,45.62965,-122.25239,18.55676548462231
6644.461395781,45.62965,-122.25239,19.157838263444443
6644.638354705,45.629605,-122.252401667,20.752320655826043
6645.462444834,45.629605,-122.252401667,23.196865759283
6645.640540663,45.629545,-122.252426667,23.681862392169993
6646.462607226,45.629545,-122.252426667,22.188858447805202
6646.639462333,45.629545,-122.252426667,21.430286542631816
6647.597978202,45.629471667,-122.252453333,22.457945321700493
6647.6756264020005,45.629471667,-122.252453333,22.414282645908642
6647.853455338,45.629393333,-122.252476667,20.262510959050772
6648.469399916,45.629393333,-122.252476667,21.9239823444545
6648.649502867,45.629328333,-122.252493333,21.350847011447936
6649.469699603,45.629328333,-122.252493333,20.115401289135725
6649.648664093,45.62928,-122.252508333,20.554818675484924
6650.462772628,45.62928,-122.252508333,18.385383622296512
6650.640708935,45.629226667,-122.252521667,17.745281487203137
6651.468637599,45.629226667,-122.252521667,17.52710604241792
6651.646621407,45.629226667,-122.252521667,18.60407231234536
6652.59951369,45.629158333,-122.252538333,19.938587731412344
6652.681591288,45.629158333,-122.252538333,20.660615608284505
6652.853838382,45.629075,-122.252565,21.391505945598453
6653.461856156,45.629075,-122.252565,21.03561364090883
6653.638648409,45.628981667,-122.252596667,23.428712440352935
6654.457619384,45.628981667,-122.252596667,21.827563324894303
6654.635592821,45.62888,-122.25263,21.682192195469185
6655.458597391,45.62888,-122.25263,19.822880841024265
6655.635571443,45.628776667,-122.252656667,18.811267384023935
6656.470954918,45.628776667,-122.252656667,15.667556636727017
6656.64773767,45.628776667,-122.252656667,16.523753817606227
6657.59037078,45.62868,-122.252671667,17.960143053128586
6657.668223853,45.62868,-122.252671667,18.308836606243823
6657.844989364,45.628603333,-122.25267,17.700382285938232
6658.470895622,45.628603333,-122.25267,18.111859794957823
6658.647862007,45.628535,-122.25265,16.550392873077094
6659.468841600999,45.628535,-122.25265,15.415928764827228
6659.644638876,45.628465,-122.252625,13.690340280774668
6660.469079298,45.628465,-122.252625,10.71690951916611
6660.644661792,45.628391667,-122.25261,10.272212123711897
6661.460982001,45.628391667,-122.25261,13.540208935062385
6661.636929704,45.628391667,-122.25261,13.109574224040774
6662.591281631,45.628311667,-122.252591667,10.707120230437074
6662.66877418,45.628311667,-122.252591667,9.990165281844728
6662.844798791,45.628258333,-122.25254,9.517321745752689
6663.469704476,45.628258333,-122.25254,8.106596468754278
6663.645848774,45.628246667,-122.252456667,9.559176296206235
6664.462047999,45.628246667,-122.252456667,14.075590750148194
6664.637853514,45.628275,-122.252388333,11.937466846105872
6665.461132324,45.628275,-122.252388333,9.6894519074973
6665.636896561,45.628335,-122.25236,9.120013400502428
6666.459062446,45.628335,-122.25236,9.957361391379292
6666.635010389,45.628335,-122.25236,8.995586057622116
6667.587582194999,45.628406667,-122.25236,14.076093843608255
6667.665092947,45.628406667,-122.25236,15.030499619479846
6667.841017223,45.62848,-122.25236,14.267534879981252
6668.472371113,45.62848,-122.25236,11.546843878701193
6668.648216295,45.628558333,-122.25236,11.684245794121857
6669.468192146,45.628558333,-122.25236,10.780705906818751
6669.64420196,45.628641667,-122.252356667,10.88037970428383
6670.470075695,45.628641667,-122.252356667,12.508027516660949
6670.646418866,45.628721667,-122.252353333,15.02764834760747
6671.460927636,45.628721667,-122.252353333,10.928350735955581
6671.636991488,45.628721667,-122.252353333,9.756664193700717
6672.597531019,45.628791667,-122.252353333,11.37534141438785
6672.675658114,45.628791667,-122.252353333,11.725707718320749
6672.8500400329995,45.628851667,-122.252355,12.571203552773683
6673.467951241,45.628851667,-122.252355,13.691128921365307
6673.6441518169995,45.62891,-122.252343333,15.337324377133159
6674.470183885,45.62891,-122.252343333,17.27900953404804
6674.646403590999,45.628965,-122.252333333,17.87058301418072
6675.459968642,45.628965,-122.252333333,17.866169526056687
6675.636331516,45.629008333,-122.252325,17.603827761406343
6676.458973608,45.629008333,-122.252325,19.693994396837887
6676.636355719,45.629008333,-122.252325,17.067213831525063
6677.59776702,45.629041667,-122.252315,14.351968689888679
6677.673197204,45.629041667,-122.252315,12.33802362897601
6677.851406346,45.629066667,-122.252291667,10.208632144530936
6678.461127025,45.629066667,-122.252291667,7.712291728871608
6678.6383446889995,45.62909,-122.252275,9.818891976455854
6679.469463923,45.62909,-122.252275,12.805950554764639
6679.646476158,45.629108333,-122.252263333,14.866588621111532
6680.469519069,45.629108333,-122.252263333,17.494171199162487
6680.645364435,45.629125,-122.252243333,17.742427865249397
6681.461450205999,45.629125,-122.252243333,18.305145223921386
6681.637369425,45.629125,-122.252243333,19.010404868915483
6682.599247823,45.629145,-122.252215,19.431955547884687
6682.674618062,45.629145,-122.252215,19.716290346065446
6682.851656872,45.629158333,-122.25218,20.31893362456183
6683.460562741,45.629158333,-122.25218,20.716974681475598
6683.6374213809995,45.62916,-122.252141667,19.100614735585523
6684.468670874,45.62916,-122.252141667,18.42716313993969
6684.6457703510005,45.629165,-122.252098333,19.034643420617247
6685.460717011,45.629165,-122.252098333,18.46385489890473
6685.637578114,45.62917,-122.252051667,18.64300792580662
6686.461677538,45.62917,-122.252051667,18.34614109933925
6686.639442432,45.62917,-122.252051667,20.586798576166842
6687.600094587,45.629161667,-122.252003333,21.413836143970954
6687.676428674,45.629161667,-122.252003333,20.374021429598496
6687.852610748,45.629141667,-122.251958333,20.653208025459136
6688.461838083,45.629141667,-122.251958333,20.94608905366765
6688.639726645,45.629111667,-122.251925,21.515217758042095
6689.469486022,45.629111667,-122.251925,20.34461477350982
6689.646696056,45.629061667,-122.251911667,19.634798490915998
6690.471531119,45.629061667,-122.251911667,16.784985197952487
6690.650837757,45.628998333,-122.251913333,17.75359530741558
6691.471588927,45.628998333,-122.251913333,16.50052164185598
6691.64989618,45.628998333,-122.251913333,16.025840208360208
6692.592315917,45.628928333,-122.251923333,18.940714131249916
6692.67010821,45.628928333,-122.251923333,17.295810725361864
6692.848954657,45.628871667,-122.251931667,16.75683258612046
6693.471900211,45.628871667,-122.251931667,18.657954372229263
6693.651021939,45.628835,-122.251935,18.699606233203152
6694.470242048,45.628835,-122.251935,19.32958250799546
6694.64822513,45.628798333,-122.251941667,19.86907412020391
6695.470163871,45.628798333,-122.251941667,20.946961109733365
6695.648138527,45.628746667,-122.25195,22.517311899370167
6696.449629948,45.628746667,-122.25195,23.362374977285732
6696.622677346,45.628746667,-122.25195,25.030223599252466
6697.579311624,45.628681667,-122.251956667,21.528354380865743
6697.656957377,45.628681667,-122.251956667,21.508222285899482
6697.828635477,45.628613333,-122.251955,20.431864215729558
6698.465088563,45.628613333,-122.251955,16.560974633727415
6698.641977869,45.628541667,-122.251946667,12.762382168243457
6699.463072282,45.628541667,-122.251946667,18.398813285708552
6699.640121368,45.628475,-122.25193,20.13564245018673
6700.460125968,45.628475,-122.25193,21.442114543847428
6700.638161087,45.628413333,-122.251915,23.302453479510334
6701.470885985,45.628413333,-122.251915,23.737540520027483
6701.648313114,45.628413333,-122.251915,18.995599878747306
6702.596474599,45.62835,-122.251905,15.19447060533232
6702.673818236,45.62835,-122.251905,14.385627335470005
6702.851057214,45.628281667,-122.251891667,12.976068879240842
6703.467374965,45.628281667,-122.251891667,10.74120520936835
6703.644312827,45.628208333,-122.25188,9.53141851144345
6704.459889269,45.628208333,-122.25188,11.399516891051471
6704.638378024,45.628133333,-122.251865,9.416234614315911
6705.471264553,45.628133333,-122.251865,11.047728341600925
6705.649341691,45.628066667,-122.251835,10.458771460626798
6706.464105749,45.628066667,-122.251835,7.599445379083458
6706.641329504,45.628066667,-122.251835,8.686494607845958
6707.592747202,45.628025,-122.251775,10.337019399496594
6707.670593717,45.628025,-122.251775,10.359365134014475
6707.847328058,45.628036667,-122.25171,6.6010107505029465
6708.462352474,45.628036667,-122.25171,9.337976351696692
6708.640396852,45.628068333,-122.251665,8.216723965646024
6709.461224369,45.628068333,-122.251665,7.387884577540533
6709.639480695,45.628141667,-122.25166,7.891073385402988
6710.470067578,45.628141667,-122.25166,6.613727213611452
6710.649431327,45.628221667,-122.251666667,9.00681953640455
6711.472438765,45.628221667,-122.251666667,14.066738063373357
6711.652610322,45.628221667,-122.251666667,15.185059413960921
6712.600135794,45.62831,-122.251675,18.130209604858
6712.677929587,45.62831,-122.251675,18.172771852540194
6712.857623858999,45.628396667,-122.251678333,18.27670397051272
6713.4626143860005,45.628396667,-122.251678333,19.164652922621144
6713.640777581,45.62847,-122.251686667,19.672285626841724
6714.46369472,45.62847,-122.251686667,19.78049891623042
6714.641695949,45.628533333,-122.251701667,20.41250286294306
6715.472461111,45.628533333,-122.251701667,19.12979219825902
6715.650715918,45.628603333,-122.251721667,18.217946637451252
6716.473719058,45.628603333,-122.251721667,17.035199601473224
6716.651745676,45.628603333,-122.251721667,17.517953554981673
6717.592170969,45.628686667,-122.251735,18.417769441740045
6717.66996778,45.628686667,-122.251735,18.406312967873717
6717.847809691,45.62876,-122.251738333,20.45193707748712
6718.460845576999,45.62876,-122.251738333,19.68997949660901
6718.638778415,45.628808333,-122.25173,19.445162319678577
6719.461798444,45.628808333,-122.25173,18.49421621929798
6719.639808729,45.62884,-122.251716667,18.35578724821666
6720.4617806490005,45.62884,-122.251716667,20.905898594441553
6720.64086256,45.628865,-122.251698333,19.464680476972436
6721.4613807000005,45.628865,-122.251698333,20.198921609424506
6721.640713762999,45.628865,-122.251698333,18.59686018153017
6722.598185435,45.628886667,-122.251676667,18.352550711422268
6722.673661452,45.628886667,-122.251676667,18.289496838244816
6722.85381712,45.628906667,-122.251646667,19.107312749448354
6723.465574207999,45.628906667,-122.251646667,19.973317220484017
6723.645984824,45.628923333,-122.251615,20.789961456681755
6724.4699447719995,45.628923333,-122.251615,21.221394340530395
6724.649930345,45.628936667,-122.25159,20.19852294381615
6725.457549646,45.628936667,-122.25159,21.040271108765076
6725.63609892,45.628946667,-122.251563333,20.951732502207218
6726.465689395,45.628946667,-122.251563333,20.017349343679133
6726.644069926,45.628946667,-122.251563333,19.938177553612864
6727.592462555,45.628958333,-122.251515,18.282040953634908
6727.668093223,45.628958333,-122.251515,18.269335908793423
6727.844784895,45.628973333,-122.251441667,18.96871143203271
6728.463753625,45.628973333,-122.251441667,18.88186005725764
6728.641008102,45.628991667,-122.251351667,19.319954283436296
6729.463738847,45.628991667,-122.251351667,20.393554330429414
6729.64212271,45.629016667,-122.251246667,20.43536910866103
6730.459051795,45.629016667,-122.251246667,20.084846483165627
6730.63712308,45.629038333,-122.251145,20.56194725285091
6731.464122795,45.629038333,-122.251145,20.9516441640603
6731.643180668,45.629038333,-122.251145,18.520626818243585
6732.6005033540005,45.629051667,-122.251048333,17.656382316849232
6732.676633251,45.629051667,-122.251048333,17.840598872639706
6732.856043352,45.629046667,-122.250965,17.81877687585745
6733.472310598,45.629046667,-122.250965,19.992970786873585
6733.649144696999,45.62901,-122.250896667,19.043959133145574
6734.473236313,45.62901,-122.250896667,20.19293209530028
6734.650192952,45.628973333,-122.250835,21.17692030099191
6735.464335773,45.628973333,-122.250835,21.35752510547289
6735.641945125,45.628973333,-122.250773333,22.929287381750637
6736.464112582,45.628973333,-122.250773333,20.878940736607447
6736.6421423659995,45.628973333,-122.250773333,19.643254519911295
6737.594857669,45.629011667,-122.250728333,18.017655020505003
6737.67126407,45.629011667,-122.250728333,17.41931991269531
6737.849264242,45.629061667,-122.25072,16.283772757510143
6738.472313030999,45.629061667,-122.25072,15.778459219442372
6738.650303926,45.629128333,-122.250761667,16.51943269496244
6739.473548305999,45.629128333,-122.250761667,22.882141857706106
6739.652568919,45.629183333,-122.250828333,15.068005996619506
6740.465555,45.629183333,-122.250828333,12.996600369805426
6740.643424004,45.629216667,-122.250911667,17.74108439088977
6741.463595469,45.629216667,-122.250911667,17.18647188282614
6741.642636619,45.629216667,-122.250911667,19.997094373894242
6742.593127462,45.629248333,-122.251,19.7767087262851
6742.670877438,45.629248333,-122.251,20.311232237825738
6742.848687719,45.629301667,-122.251061667,20.565622197385032
6743.473615239,45.629301667,-122.251061667,20.6059532118277
6743.651661541,45.629358333,-122.251101667,20.7603722830357
6744.472457663,45.629358333,-122.251101667,21.309118066043183
6744.650611726,45.629423333,-122.25112,23.282419023131023
6745.472717033,45.629423333,-122.25112,23.392555140429874
6745.650622981,45.629493333,-122.251125,22.49618326548084
6746.465607313,45.629493333,-122.251125,23.310678255396596
6746.642694361,45.629493333,-122.251125,19.807614468982177
6747.602050241,45.629571667,-122.251123333,18.009487819060446
6747.6794171559995,45.629571667,-122.251123333,14.911952184164681
6747.855620005,45.62964,-122.251108333,15.558887507455603
6748.463309234,45.62964,-122.251108333,17.68980167321089
6748.639549251,45.629683333,-122.25106,20.27108887726265
6749.463710032,45.629683333,-122.25106,21.840808181722878
6749.639646766,45.629681667,-122.250986667,23.42086183467345
6750.4644523530005,45.629681667,-122.250986667,23.433042638165166
6750.641451714,45.629661667,-122.250891667,22.510686226881955
6751.464813909,45.629661667,-122.250891667,20.01229141849798
6751.642880156,45.629661667,-122.250891667,17.501161628204603
6752.594085193,45.629621667,-122.250793333,15.623022384397528
6752.671577073,45.629621667,-122.250793333,15.772729060313864
6752.847624253,45.629576667,-122.2507,16.827050612518605
6753.472507919,45.629576667,-122.2507,19.333308565730793
6753.649897342,45.629541667,-122.250626667,18.352088349023067
6754.472583803999,45.629541667,-122.250626667,18.82228371122068
6754.649809742,45.629516667,-122.250565,16.75759933584594
6755.472964397,45.629516667,-122.250565,16.77111834416355
6755.649779959,45.629508333,-122.250496667,14.615355003201925
6756.462736019,45.629508333,-122.250496667,10.155092885273438
6756.640078255,45.629508333,-122.250496667,9.777333288809965
6757.581207199,45.629528333,-122.250423333,9.473966116209304
6757.657401208,45.629528333,-122.250423333,10.187868051894679
6757.829491404,45.629571667,-122.250358333,10.306388862855108
6758.463959174,45.629571667,-122.250358333,10.505485012478495
6758.642061384,45.629628333,-122.250298333,11.216709023789614
6759.472243604,45.629628333,-122.250298333,13.18392833970114
6759.648994313,45.629696667,-122.25025,14.119188892254442
6760.470691297,45.629696667,-122.25025,13.676107611253187
6760.646850924,45.62977,-122.250221667,14.280160410667357
6761.461769345,45.62977,-122.250221667,15.759348733659372
6761.640053966,45.62977,-122.250221667,15.307855601033292
6762.592822932,45.629841667,-122.250216667,15.66842656916838
6762.6703397559995,45.629841667,-122.250216667,15.934731666418843
6762.8482991870005,45.629911667,-122.250211667,17.5072215156204
6763.464427983,45.629911667,-122.250211667,12.50912102906967
6763.641238581,45.629975,-122.250221667,10.001632910328158
6764.475288599,45.629975,-122.250221667,7.470020784509151
6764.652084012,45.630053333,-122.250235,6.338204223141555
6765.461220069999,45.630053333,-122.250235,7.560485685120484
6765.633912923,45.63014,-122.250248333,10.963549755962969
6766.466420047,45.63014,-122.250248333,13.448319674635822
6766.643235016,45.63014,-122.250248333,14.56378596129104
6767.601775678,45.630218333,-122.250258333,16.34936261453757
6767.679552506,45.630218333,-122.250258333,17.57890617272151
6767.856327048,45.630276667,-122.250265,16.316021487508873
6768.467441956,45.630276667,-122.250265,15.96565523348604
6768.644297777,45.630338333,-122.250268333,16.559223473022517
6769.474328419999,45.630338333,-122.250268333,17.933316642482012
6769.651375096,45.630403333,-122.250271667,15.899159169243234
6770.474707289,45.630403333,-122.250271667,13.403903334836043
6770.651313569,45.630463333,-122.250271667,13.786748288845132
6771.46335654,45.630463333,-122.250271667,12.61511829641537
6771.64033466,45.630463333,-122.250271667,12.140416354127927
6772.606541304,45.630511667,-122.25027,11.026446099832905
6772.684385077,45.630511667,-122.25027,10.437689872376172
6772.859865915,45.63055,-122.250268333,8.553005795081685
6773.461677389,45.63055,-122.250268333,7.141615944582079
6773.639480447,45.630581667,-122.250271667,6.642192728824852
6774.471395265,45.630581667,-122.250271667,6.490672525678552
6774.649364177,45.630611667,-122.25028,6.052586136134787
6775.468673476,45.630611667,-122.25028,6.180958982588328
6775.646721167,45.630645,-122.25029,5.690105967327152
6776.4697259469995,45.630645,-122.25029,4.376499438866548
6776.648724244,45.630645,-122.25029,3.7573464935833543
6777.604810331,45.630678333,-122.250296667,3.7811716786892045
6777.681583385,45.630678333,-122.250296667,3.4816883725361505
6777.86038342,45.630711667,-122.250313333,3.8715750685702943
6778.46366523,45.630711667,-122.250313333,3.157540602747794
6778.641788737,45.63075,-122.250331667,2.989849307270417
6779.459689515,45.63075,-122.250331667,3.6089168223628687
6779.637695316,45.630776667,-122.250343333,3.1243588694472653
6780.473836715,45.630776667,-122.250343333,2.4372222924656253
6780.651673421,45.6308,-122.250345,2.25129845490403
6781.4715580619995,45.6308,-122.250345,2.565614189067373
6781.648644701,45.6308,-122.250345,2.578750703065622
6782.615847396,45.630833333,-122.25034,2.615121729871875
6782.690285101,45.630833333,-122.25034,2.614948451199077
6782.869273953,45.63088,-122.25034,2.5905921343679754
6783.473833078,45.63088,-122.25034,2.588436814260938
6783.652974951,45.630935,-122.250345,2.5845372993722338
6784.465120015,45.630935,-122.250345,2.561578619977202
6784.643986755,45.63099,-122.250355,2.562586988469973
6785.462080036,45.63099,-122.250355,2.5617518986500003
6785.641116981,45.631031667,-122.250366667,2.5559751361923255
6786.472677979,45.631031667,-122.250366667,2.5345471470206675
6786.652062448,45.631031667,-122.250366667,2.559539003209094
6787.606002447,45.631066667,-122.250381667,2.56175189865
6787.682429533,45.631066667,-122.250381667,2.5617518986500003
6787.861505942,45.631096667,-122.250395,2.5617518986500003
6788.474643267,45.631096667,-122.250395,2.5617518986500003
6788.6529574609995,45.631118333,-122.250411667,2.559270468729098
6789.465669589,45.631118333,-122.250411667,2.5633114067051848
6789.644990502,45.631136667,-122.250423333,2.5630261783280512
6790.472608626,45.631136667,-122.250423333,2.5851657600892746
6790.652995554,45.631148333,-122.25043,2.5659533534483185
6791.4726907839995,45.631148333,-122.25043,2.568982649976835
6791.653079453999,45.631148333,-122.25043,2.6657872289866584
6792.6053032790005,45.631156667,-122.25043,3.8426278479750016
6792.6813428959995,45.631156667,-122.25043,3.8727783370419036
6792.8608276449995,45.631165,-122.250431667,4.0389742440895695
6793.473891153,45.631165,-122.250431667,4.167904760487408
6793.651946473,45.63117,-122.25043,4.896910742455125
6794.466122567,45.63117,-122.25043,5.024089405808272
6794.644179072,45.631176667,-122.25043,5.511484480452283
6795.47190116,45.631176667,-122.25043,5.743710071237867
6795.650242539999,45.631178333,-122.250421667,5.912631187620591
6796.465446963,45.631178333,-122.250421667,6.18691501226314
6796.644351907,45.631178333,-122.250421667,6.79777226163031
6797.6044424209995,45.631175,-122.250408333,7.11193432721804
6797.680812007,45.631175,-122.250408333,7.1234771784151665
6797.858761862,45.631178333,-122.250406667,6.966788394994416
6798.471887242,45.631178333,-122.250406667,6.848718703278177
6798.649266607,45.63118,-122.250403333,7.1354258245766164
6799.471936177,45.63118,-122.250403333,6.848367585967506
6799.649174225,45.631181667,-122.2504,7.3376001052441255
6800.474303737999,45.631181667,-122.2504,7.675248852595901
6800.651411656,45.631181667,-122.250398333,8.577370546131657
6801.464743977,45.631181667,-122.250398333,10.180905744818661
6801.64246531,45.631181667,-122.250398333,10.765856007866992
6802.6104189220005,45.631183333,-122.250395,11.84648526364347
6802.686881341,45.631183333,-122.250395,12.452902098885723
6802.863772866,45.631183333,-122.250393333,13.120799196102803
6803.4713975350005,45.631183333,-122.250393333,14.357182243536954
6803.6484370630005,45.631183333,-122.250391667,12.776089532280611
6804.462224279,45.631183333,-122.250391667,11.944028698485111
6804.640265099,45.631183333,-122.250388333,9.597246884214867
6805.462477365,45.631183333,-122.250388333,10.552052806387776
6805.640512073,45.631185,-122.250385,13.833032393303583
6806.467245517,45.631185,-122.250385,15.560619614226287
6806.645594489,45.631185,-122.250385,13.325599104270504
6807.611499293,45.631185,-122.25038,15.147179175094621
6807.687530928,45.631185,-122.25038,14.604792936804332
6807.866009106,45.631185,-122.250378333,14.009995218703134
6808.465443377,45.631185,-122.250378333,14.225152955187404
6808.642680833,45.631185,-122.250378333,13.495980279292125
6809.472331671,45.631185,-122.250378333,13.7342408846657
6809.650575253,45.631185,-122.250378333,14.35946231458946
6810.463325935,45.631185,-122.250378333,12.881089659248067
6810.6406387629995,45.63119,-122.250375,13.438971360391664
6811.47244141,45.63119,-122.250375,15.299813693398297
6811.650673696,45.63119,-122.250375,18.070296495334595
6812.613723679,45.631203333,-122.250386667,19.66314395313218
6812.690362231,45.631203333,-122.250386667,20.884758596360157
6812.869328305,45.631213333,-122.250395,20.412709586947926
6813.465597954,45.631213333,-122.250395,21.053537613300303
6813.64470766,45.63123,-122.250406667,21.56182758427733
6814.466383751,45.63123,-122.250406667,21.313672500320475
6814.646852995,45.631248333,-122.25042,21.85169070416272
6815.46675182,45.631248333,-122.25042,21.30506446302662
6815.646899022,45.631268333,-122.250433333,20.164300725568378
6816.472926344,45.631268333,-122.250433333,19.600673078844164
6816.652988971,45.631268333,-122.250433333,19.436144231459803
6817.604932161,45.631293333,-122.250445,19.70923608009652
6817.681118262,45.631293333,-122.250445,19.11586841845449
6817.861571560999,45.631328333,-122.25046,19.09748753267827
6818.467890988,45.631328333,-122.25046,19.3559208662608
6818.645852399,45.631368333,-122.250476667,20.101322823465487
6819.472941514,45.631368333,-122.250476667,18.25597050214412
6819.650880943,45.631406667,-122.250496667,18.716213578840513
6820.465649932,45.631406667,-122.250496667,18.673722731453907
6820.644942789,45.631441667,-122.250508333,18.793976183424544
6821.473025863,45.631441667,-122.250508333,20.383062119028207
6821.64996161,45.631441667,-122.250508333,19.561567068739077
6822.607004042,45.631475,-122.250516667,21.055611367739278
6822.683185087,45.631475,-122.250516667,21.778183433308165
6822.862583223,45.631511667,-122.250526667,20.887274602689196
6823.473157694,45.631511667,-122.250526667,19.028275975807126
6823.649939606,45.631546667,-122.250535,18.950048522584066
6824.475144026,45.631546667,-122.250535,16.39465403547794
6824.653111159,45.631583333,-122.25054,16.351974189384393
6825.466123104,45.631583333,-122.25054,15.663698906274718
6825.645257773,45.631623333,-122.250546667,16.241564408122372
6826.467111959,45.631623333,-122.250546667,19.247448417089064
6826.646121681,45.631623333,-122.250546667,18.089723676370472
6827.607317655,45.631668333,-122.25054,17.02539311158455
6827.681431337,45.631668333,-122.25054,18.4708134056071
6827.859815939,45.631723333,-122.250545,18.140151490261875
6828.4709434920005,45.631723333,-122.250545,18.77275092668796
6828.649216852,45.631788333,-122.250558333,19.414530526066947
6829.46544101,45.631788333,-122.250558333,19.444639546733523
6829.6443863429995,45.631856667,-122.250571667,19.59928346113833
6830.4723716,45.631856667,-122.250571667,22.0803814386684
6830.651221339,45.63193,-122.250585,19.867130241978348
6831.461396131,45.63193,-122.250585,19.836942461948862
6831.640540152,45.63193,-122.250585,17.556714747472206
6832.591081487,45.631996667,-122.250586667,16.628685248839577
6832.6684749569995,45.631996667,-122.250586667,16.552527788089183
6832.841428054,45.632058333,-122.250578333,14.472465148571171
6833.469858416,45.632058333,-122.250578333,14.328413453691052
6833.648325409,45.632123333,-122.250585,15.769235435497425
6834.469875571,45.632123333,-122.250585,14.490429012757458
6834.648238377,45.632185,-122.250595,13.04717015357972
6835.462231502,45.632185,-122.250595,13.059737228963327
6835.640270229,45.632243333,-122.25062,15.373033097606537
6836.4651930889995,45.632243333,-122.25062,13.566821766987026
6836.641408363,45.632243333,-122.25062,13.87134513530572
6837.609556957,45.632315,-122.250641667,13.322145407018635
6837.686858038,45.632315,-122.250641667,12.423659534629412
6837.865205584,45.632381667,-122.250668333,12.057784587450579
6838.462048889,45.632381667,-122.250668333,12.262585116589774
6838.640453233,45.63244,-122.2507,12.312450215333584
6839.463614048,45.63244,-122.2507,12.668488127637243
6839.640636723,45.63249,-122.250748333,12.560944332891083
6840.471764285,45.63249,-122.250748333,13.393369815515934
6840.648763978,45.632528333,-122.2508,13.605049539144472
6841.464548741,45.632528333,-122.2508,14.830141850778515
6841.641550879,45.632528333,-122.2508,17.167157225111133
6842.612801759,45.632575,-122.250841667,16.13561173352106
6842.690238748,45.632575,-122.250841667,16.191950340213005
6842.86751239,45.632618333,-122.250885,14.534592105608061
6843.46365587,45.632618333,-122.250885,13.445861853461132
6843.640704619,45.632676667,-122.250965,15.725439430305618
6844.4725108210005,45.632676667,-122.250965,15.866013648440353
6844.649885575,45.632731667,-122.25102,13.468656002991281
6845.473861902,45.632731667,-122.25102,12.008212024921876
6845.652108521,45.632791667,-122.251051667,11.973281126804554
6846.464777331,45.632791667,-122.251051667,11.175398482162224
6846.64267137,45.632791667,-122.251051667,12.684606792653353
6847.602907551,45.632855,-122.251086667,13.320220375792973
6847.680439135,45.632855,-122.251086667,13.56919238255515
6847.858382767,45.632916667,-122.251106667,13.431339493794283
6848.466217512,45.632916667,-122.251106667,14.568917456293015
6848.643883807,45.632965,-122.25112,15.914614201369579
6849.47300171,45.632965,-122.25112,16.87219193706452
6849.650732192,45.633006667,-122.25115,15.385514498960228
6850.463551596,45.633006667,-122.25115,15.682479122430498
6850.640835385,45.633036667,-122.251171667,16.65581606139672
6851.466842354,45.633036667,-122.251171667,16.059403555434994
6851.643798213,45.633036667,-122.251171667,16.371420239821305
6852.611131331,45.633061667,-122.251193333,16.18337497512549
6852.687222727,45.633061667,-122.251193333,15.77305247183493
6852.864450682,45.633111667,-122.251215,14.77787959810034
6853.466836384,45.633111667,-122.251215,14.61568407898528
6853.642093865999,45.633153333,-122.25123,15.862361215291571
6854.476215639,45.633153333,-122.25123,16.20325865839866
6854.650971206,45.63319,-122.25125,17.206426058452777
6855.475086702,45.63319,-122.25125,18.2597761548149
6855.649951882,45.633223333,-122.251275,19.24445510812397
6856.466828753,45.633223333,-122.251275,20.388876621692905
6856.642081587,45.633223333,-122.251275,20.445719024243502
6857.608183946,45.633263333,-122.251306667,21.161138079473435
6857.684622828,45.633263333,-122.251306667,21.09229099719722
6857.859368451,45.633305,-122.251348333,22.017601649597
6858.468450251,45.633305,-122.251348333,23.39489525379297
6858.643888865,45.633348333,-122.251388333,20.408840227467053
6859.474220378,45.633348333,-122.251388333,18.714131317950464
6859.649036354,45.633388333,-122.251426667,19.470181119306854
6860.465250845,45.633388333,-122.251426667,19.83567023169332
6860.642129666,45.633425,-122.25146,18.47136567087432
6861.474228056,45.633425,-122.25146,17.585710504918485
6861.651185193,45.633425,-122.25146,16.332726597141107
6862.606438967,45.633453333,-122.251485,15.124189093952888
6862.6829864070005,45.633453333,-122.251485,15.878048022147246
6862.860880946,45.633488333,-122.251501667,15.461705951701328
6863.47358991,45.633488333,-122.251501667,15.29399107097592
6863.64933164,45.633536667,-122.251523333,15.252395934506502
6864.453296562,45.633536667,-122.251523333,16.490015723172373
6864.624915472,45.633588333,-122.251556667,16.30550837331314
6865.473038117,45.633588333,-122.251556667,17.485944996116086
6865.650514113,45.633633333,-122.251591667,18.508612175103064
6866.473031066,45.633633333,-122.251591667,20.036860450707362
6866.650279059,45.633633333,-122.251591667,20.757642629888053
6867.603554193,45.633683333,-122.251633333,20.819013564401867
6867.680853477,45.633683333,-122.251633333,21.715866225849158
6867.857103898999,45.633726667,-122.251663333,21.700091738361266
6868.465261667,45.633726667,-122.251663333,22.74292156404282
6868.641408884,45.63378,-122.251686667,20.095628648502057
6869.464312529,45.63378,-122.251686667,17.11503774996504
6869.640611822,45.633838333,-122.251708333,17.034927098979413
6870.473233165,45.633838333,-122.251708333,16.74689124972731
6870.649670701,45.633896667,-122.251748333,18.393181133779034
6871.473331042,45.633896667,-122.251748333,19.02929056803601
6871.651665977,45.633896667,-122.251748333,19.247007305729564
6872.606564893,45.633928333,-122.251815,18.40733565180533
6872.68386177,45.633928333,-122.251815,18.67134937260003
6872.863339684,45.633946667,-122.251898333,19.90776185234292
6873.47287712,45.633946667,-122.251898333,20.797945981288212
6873.651812897,45.633965,-122.251996667,18.485573868826645
6874.464362111,45.633965,-122.251996667,20.192389562423465
6874.643717691,45.633995,-122.25209,20.429486211449916
6875.4754768170005,45.633995,-122.25209,18.19270113576584
6875.654801173,45.634028333,-122.252176667,21.778692299165982
6876.462333444,45.634028333,-122.252176667,23.290021246367495
6876.635429987,45.634028333,-122.252176667,23.32322344563196
6877.607168317,45.634061667,-122.252243333,21.907519151934586
6877.684271839,45.634061667,-122.252243333,21.73082591603589
6877.861538425,45.634101667,-122.252271667,22.346997219455446
6878.464687785,45.634101667,-122.252271667,22.066834718586385
6878.64060624,45.634151667,-122.252296667,21.761962108989557
6879.465826325,45.634151667,-122.252296667,22.251331751022267
6879.641664909,45.634203333,-122.252345,23.222776538266455
6880.455512531,45.634203333,-122.252345,24.791375782789956
6880.626284169,45.634245,-122.2524,24.56152209936333
6881.47360382,45.634245,-122.2524,25.191262571346343
6881.649947578,45.634245,-122.2524,26.303577466951797
6882.607217918,45.634288333,-122.252476667,23.39908644988923
6882.684831002,45.634288333,-122.252476667,24.16283996839324
6882.861818788,45.634335,-122.252563333,26.298161558876135
6883.473895464,45.634335,-122.252563333,24.902117466009404
6883.650783063,45.634375,-122.252655,25.510290037874388
6884.475893277,45.634375,-122.252655,25.17377181365852
6884.650922829,45.634416667,-122.252718333,25.269700172165436
6885.465575463,45.634416667,-122.252718333,21.345811833204756
6885.64075124,45.634461667,-122.252788333,19.67705482298565
6886.474599731,45.634461667,-122.252788333,17.806163983447334
6886.6520832080005,45.634461667,-122.252788333,12.251521389131447
6887.609260917,45.634503333,-122.252861667,9.569131081617678
6887.686725204,45.634503333,-122.252861667,10.2417059557369
6887.8627014369995,45.634543333,-122.252935,12.27986651066234
6888.469843856,45.634543333,-122.252935,12.624232429744303
6888.647082922,45.634586667,-122.253011667,10.656838426349442
6889.47517218,45.634586667,-122.253011667,11.110467844103585
6889.651154469,45.634625,-122.253095,12.472379218999452
6890.476190126,45.634625,-122.253095,13.956561981830982
6890.653166911,45.634656667,-122.253186667,13.913296085100745
6891.475107781,45.634656667,-122.253186667,13.107525901364616
6891.653199083,45.634656667,-122.253186667,14.07476029614617
6892.615309809,45.634688333,-122.253286667,13.839912426335331
6892.692840522,45.634688333,-122.253286667,14.506129419561395
6892.870878582,45.634718333,-122.25339,12.554321925796879
6893.471191363,45.634718333,-122.25339,12.774623594708736
6893.649357999,45.634755,-122.253495,13.68481878286344
6894.463078619,45.634755,-122.253495,12.475645781596686
6894.636005863,45.634803333,-122.25358,12.006305959521095
6895.466432951,45.634803333,-122.25358,11.114794027921475
6895.643278605,45.634861667,-122.253655,9.522974276759662
6896.47509438,45.634861667,-122.253655,8.986145331983204
6896.652308111999,45.634861667,-122.253655,8.997264046821094
6897.615420446,45.634935,-122.253718333,9.516159532718353
6897.692608913,45.634935,-122.253718333,9.638170177897821
6897.86995824,45.635,-122.253796667,10.548017595985636
6898.467097031,45.635,-122.253796667,12.017630230431617
6898.645408447,45.63504,-122.253891667,14.0311080226216
6899.475222877,45.63504,-122.253891667,14.038184134697703
6899.653595294,45.635068333,-122.254016667,14.28447344784286
6900.466424216,45.635068333,-122.254016667,16.55144971609384
6900.644497128,45.635098333,-122.254136667,17.972460511378358
6901.466428165,45.635098333,-122.254136667,18.945069205273622
6901.644467151,45.635098333,-122.254136667,17.35216198735271
6902.61574503,45.635128333,-122.25424,15.19646201694508
6902.693196334,45.635128333,-122.25424,15.658743824757213
6902.869043029,45.635151667,-122.254305,14.85054566783191
6903.465285528,45.635151667,-122.254305,15.55677563729025
6903.641367948,45.635176667,-122.254345,11.899760359524006
6904.474547762,45.635176667,-122.254345,10.272455461142881
6904.650535162,45.635193333,-122.254388333,9.511389667772468
6905.476561333,45.635193333,-122.254388333,8.727381175140057
6905.652813144,45.635203333,-122.254445,8.500858123720123
6906.476641783,45.635203333,-122.254445,7.5385770207375655
6906.65268011,45.635203333,-122.254445,10.75480011283149
6907.608002143,45.635211667,-122.25453,16.648152805999437
6907.685294557,45.635211667,-122.25453,17.69596134046894
6907.861471256,45.635218333,-122.254615,19.576797603191228
6908.471804481,45.635218333,-122.254615,18.76298389875193
6908.6487695430005,45.635218333,-122.254695,16.499541074268446
6909.467450403,45.635218333,-122.254695,15.18176008881197
6909.642712607,45.63522,-122.254786667,13.694969680803082
6910.466854491,45.63522,-122.254786667,11.72450923790033
6910.6437326079995,45.635211667,-122.25484,13.006675727494477
6911.474507257,45.635211667,-122.25484,13.86404257046938
6911.651814213,45.635211667,-122.25484,15.527208821567124
6912.61591882,45.635208333,-122.254886667,18.40248384896697
6912.692059494,45.635208333,-122.254886667,19.076730164679617
6912.869450544,45.635218333,-122.254955,19.327802584157247
6913.475515855,45.635218333,-122.254955,20.613302063619752
6913.651798426,45.635203333,-122.25503,22.205011873675865
6914.456533746999,45.635203333,-122.25503,26.24105651460891
6914.630745343,45.6352,-122.255135,26.07079600084733
6915.476808531,45.6352,-122.255135,28.38368082695405
6915.655111835,45.63519,-122.255243333,30.243740638469113
6916.47076928,45.63519,-122.255243333,28.058752736867927
6916.649136271,45.63519,-122.255243333,29.113500756804417
6917.612193918,45.635161667,-122.255356667,27.37035948804831
6917.68932381,45.635161667,-122.255356667,26.222900307320682
6917.867957767,45.635136667,-122.255455,23.953752619466062
6918.478084174,45.635136667,-122.255455,22.630378138993294
6918.656473554,45.635126667,-122.255531667,25.36778629768964
6919.469830484,45.635126667,-122.255531667,24.387571111412868
6919.648248531,45.635116667,-122.25558,21.988482742159814
6920.476994038,45.635116667,-122.25558,19.888459457166178
6920.655297546,45.63511,-122.25561,21.090906475488712
6921.456930229,45.63511,-122.25561,22.471042889699525
6921.629918715,45.63511,-122.25561,24.506779395890113
6922.59836233,45.635106667,-122.255643333,26.23127204555157
6922.674519837,45.635106667,-122.255643333,24.609442208251682
6922.84646103,45.635093333,-122.255695,22.32956320360401
6923.4771091269995,45.635093333,-122.255695,22.10599476248703
6923.653304938,45.635063333,-122.255773333,21.44638538252825
6924.469987823,45.635063333,-122.255773333,20.622875242215976
6924.6472990580005,45.635035,-122.255851667,19.250715193975115
6925.4759880090005,45.635035,-122.255851667,19.44698336878137
6925.652211671,45.635008333,-122.255911667,16.8258072377147
6926.470070056,45.635008333,-122.255911667,14.874558190578298
6926.646301052,45.635008333,-122.255911667,13.44214320194358
6927.6187193549995,45.63499,-122.255968333,15.549095057911659
6927.6948187689995,45.63499,-122.255968333,17.435783413262296
6927.8711108219995,45.634961667,-122.256025,18.97219927508555
6928.471151099,45.634961667,-122.256025,20.17574013611856
6928.647420188,45.634906667,-122.256068333,22.688275527870886
6929.471476367,45.634906667,-122.256068333,23.64704863901867
6929.647452341,45.63485,-122.25611,23.068375616382674
6930.472302235999,45.63485,-122.25611,23.33551689852625
6930.648509454,45.634786667,-122.256138333,22.36546450393147
6931.4712444100005,45.634786667,-122.256138333,19.33888972455138
6931.648678441999,45.634786667,-122.256138333,15.81616546159404
6932.619532537,45.634706667,-122.256143333,17.608405451089986
6932.696769375,45.634706667,-122.256143333,17.50879286503787
6932.875084032,45.634618333,-122.256135,15.579801805616015
6933.475242292,45.634618333,-122.256135,12.807726528774738
6933.654578464,45.634503333,-122.256093333,15.113200673711132
6934.47526589,45.634503333,-122.256093333,13.811423677237743
6934.654545486,45.63441,-122.256106667,14.720324630015737
6935.466372967,45.63441,-122.256106667,14.896420943123864
6935.645688138,45.634331667,-122.256145,14.431344382954276
6936.476434582,45.634331667,-122.256145,14.459953206956461
6936.655806995,45.634331667,-122.256145,15.151160080692248
6937.607832183,45.634253333,-122.256196667,16.484905330398554
6937.685096466,45.634253333,-122.256196667,15.999758918080495
6937.864895478,45.634175,-122.256245,14.195192536504202
6938.468374657999,45.634175,-122.256245,16.26809491699517
6938.647793182,45.634091667,-122.256273333,13.790591985187824
6939.4764470400005,45.634091667,-122.256273333,18.385218212952427
6939.65582036,45.634008333,-122.25629,13.062495574782654
6940.467489042,45.634008333,-122.25629,13.831738645251232
6940.647949823,45.633943333,-122.256286667,12.424414255061569
6941.4753970149995,45.633943333,-122.256286667,14.976167638982814
6941.653779616,45.633943333,-122.256286667,15.66727799975118
6942.594925664,45.633913333,-122.25626,16.194913557516692
6942.671033596,45.633913333,-122.25626,16.222100477336298
6942.843963376999,45.633876667,-122.256218333,13.907629354604326
6943.466712784,45.633876667,-122.256218333,16.20890609348024
6943.644209873,45.633841667,-122.256146667,14.747900578433649
6944.477699413,45.633841667,-122.256146667,19.12471275481131
6944.656102293,45.633823333,-122.256053333,14.382316217575196
6945.456414605,45.633823333,-122.256053333,15.734608260604942
6945.629420998,45.63381,-122.25593,18.513665458758165
6946.478588546,45.63381,-122.25593,19.698839359728627
6946.656949314,45.63381,-122.25593,18.51048049663452
6947.596928455,45.633803333,-122.255835,14.037478562062713
6947.673218854,45.633803333,-122.255835,13.940344157940835
6947.846121245,45.633788333,-122.255751667,11.487450316278771
6948.457731841,45.633788333,-122.255751667,10.64602767501053
6948.630776697,45.63377,-122.255683333,13.099247006516793
6949.475766277,45.63377,-122.255683333,13.25502959511186
6949.65304001,45.633743333,-122.255625,11.699099117525291
6950.47081869,45.633743333,-122.255625,13.05104438929368
6950.647081797,45.63371,-122.255613333,15.674033461695027
6951.470657266,45.63371,-122.255613333,15.778582666339986
6951.649014886,45.63371,-122.255613333,15.510269618599695
6952.61436677,45.633673333,-122.25562,15.748481316001195
6952.692602826,45.633673333,-122.25562,15.744630374339431
6952.867793418,45.633625,-122.255638333,16.507644595800755
6953.477970789,45.633625,-122.255638333,17.45807936248986
6953.655141688,45.633571667,-122.255658333,14.228555080826018
6954.479031438,45.633571667,-122.255658333,11.133088169919475
6954.655285398,45.633518333,-122.255678333,24.74271293072423
6955.479084443,45.633518333,-122.255678333,23.709105717079378
6955.655360477,45.633471667,-122.255696667,24.34666411501467
6956.472003844,45.633471667,-122.255696667,25.176599354385505
6956.648323322,45.633471667,-122.255696667,27.01817199386206
6957.614562423,45.633435,-122.255715,27.55954359126017
6957.691736038,45.633435,-122.255715,26.56174086801814
6957.8680647950005,45.63339,-122.255745,26.575629677920194
6958.477085593,45.63339,-122.255745,26.603105277551332
6958.653311589,45.633345,-122.255766667,25.885205614996597
6959.469182185,45.633345,-122.255766667,27.068445868639802
6959.6464928450005,45.633296667,-122.255785,24.20860029084017
6960.477126621,45.633296667,-122.255785,21.82053638891213
6960.654347224,45.633241667,-122.255811667,20.793335433777465
6961.469273232,45.633241667,-122.255811667,21.412813460039335
6961.646618541,45.633241667,-122.255811667,21.5627827232806
6962.620593533,45.633181667,-122.255846667,22.159631862109563
6962.697749407,45.633181667,-122.255846667,22.836143210025767
6962.8750554,45.63313,-122.255881667,23.438076808373822
6963.469269425,45.63313,-122.255881667,25.333926353928863
6963.646534695999,45.633093333,-122.255908333,25.275642128566677
6964.4683016,45.633093333,-122.255908333,25.469792688967562
6964.645473333,45.633065,-122.255928333,23.703623847561786
6965.465140688,45.633065,-122.255928333,22.821011951867295
6965.637170215,45.633026667,-122.25595,19.1179952510672
6966.472384095,45.633026667,-122.25595,17.68662068989303
6966.648589516,45.633026667,-122.25595,16.13205048120259
6967.621857109,45.632983333,-122.255983333,16.067149416106748
6967.699025447,45.632983333,-122.255983333,16.232204428449215
6967.875301406,45.632938333,-122.25602,14.832305142480957
6968.473715715,45.632938333,-122.25602,15.863831213391673
6968.650747427,45.63289,-122.256056667,15.488193789522336
6969.45825777,45.63289,-122.256056667,17.517841178310338
6969.631395739,45.632823333,-122.25609,19.55151421917199
6970.479327639,45.632823333,-122.25609,21.222056932874725
6970.656666911,45.632746667,-122.256096667,22.689345075203814
6971.46959263,45.632746667,-122.256096667,20.992777329007062
6971.646905679,45.632746667,-122.256096667,17.340678252630216
6972.61508229,45.632661667,-122.256066667,17.03063659642287
6972.692319313,45.632661667,-122.256066667,18.22771588561489
6972.869594084,45.63257,-122.256,18.62206064668938
6973.473546956,45.63257,-122.256,18.668660928634612
6973.6497497479995,45.632481667,-122.255923333,18.59938618082344
6974.480738436,45.632481667,-122.255923333,17.02232534034658
6974.656783337,45.632396667,-122.25585,18.42793182896729
6975.479759,45.632396667,-122.25585,18.531269422553418
6975.655961588,45.632316667,-122.255813333,19.05204979168129
6976.4796950029995,45.632316667,-122.255813333,19.882719951323132
6976.6559124430005,45.632316667,-122.255813333,20.533816419263772
6977.616349977,45.632243333,-122.255831667,19.631607234682885
6977.693427406,45.632243333,-122.255831667,19.446281134160035
6977.869669457999,45.632196667,-122.255913333,16.586168995349624
6978.4728878,45.632196667,-122.255913333,14.670559033078899
6978.649016591,45.632158333,-122.256025,17.140872410911907
6979.479924092,45.632158333,-122.256025,20.024395786178573
6979.65617683,45.632121667,-122.256138333,20.76639843292187
6980.474896726,45.632121667,-122.256138333,20.672326976295597
6980.650015151,45.632083333,-122.256238333,19.28624245406967
6981.480199697,45.632083333,-122.256238333,21.734507966233785
6981.655224954,45.632083333,-122.256238333,20.42614826440103
6982.622608941,45.63204,-122.25631,22.149674804045777
6982.699771093,45.63204,-122.25631,20.87222939312569
6982.875004112,45.632,-122.256306667,20.469355004540088
6983.4729878769995,45.632,-122.256306667,21.55469640441091
6983.648191562,45.631993333,-122.256241667,21.497128823650367
6984.477947601999,45.631993333,-122.256241667,20.301350098489035
6984.653067601,45.632013333,-122.256156667,21.074875777803474
6985.471964352,45.632013333,-122.256156667,21.484559256678004
6985.647104351,45.632045,-122.256051667,20.183858949375672
6986.4790202,45.632045,-122.256051667,18.706659541579405
6986.654083161,45.632045,-122.256051667,16.782456418869046
6987.615404856,45.632078333,-122.255943333,14.655355653526875
6987.69160066,45.632078333,-122.255943333,14.20114657999554
6987.8667419,45.632103333,-122.255851667,16.756152218642516
6988.479096784,45.632103333,-122.255851667,16.54162338834535
6988.654249245,45.632113333,-122.25576,18.100382054761724
6989.470997965,45.632113333,-122.25576,18.71443174415271
6989.647195052999,45.632095,-122.255675,19.0702942485737
6990.473199742,45.632095,-122.255675,20.546851322109656
6990.648481132,45.63205,-122.25562,21.12688746851471
6991.480289794999,45.63205,-122.25562,22.612481483128835
6991.657510528,45.63205,-122.25562,23.199583387849334
6992.624813496,45.631993333,-122.255591667,22.674900565039348
6992.701973278,45.631993333,-122.255591667,21.13689492084651
6992.879256511,45.631931667,-122.255635,19.961101727440393
6993.472352094,45.631931667,-122.255635,18.79554681875815
6993.64859522,45.631876667,-122.255693333,17.478093543729482
6994.473343112,45.631876667,-122.255693333,14.703388501626565
6994.650652735,45.631813333,-122.255751667,13.842060804754032
6995.479448928,45.631813333,-122.255751667,16.32765718078705
6995.656716921,45.631741667,-122.255781667,22.31431033533171
6996.480358538,45.631741667,-122.255781667,24.237627955565998
6996.657657643,45.631741667,-122.255781667,25.145475352949124
6997.6237837789995,45.631676667,-122.255773333,24.93366823867941
6997.700987524,45.631676667,-122.255773333,24.72269652025692
6997.8783654809995,45.631625,-122.255743333,24.41534533214449
6998.474470775,45.631625,-122.255743333,23.171924955803494
6998.652815617,45.6316,-122.2557,22.851562861835816
6999.469424334,45.6316,-122.2557,22.756477446095957
6999.646626215,45.63161,-122.255655,21.25556450596207
7000.476434423,45.63161,-122.255655,22.53828901845359
7000.653635840999,45.631658333,-122.25555,21.026152757424388
7001.468598589,45.631658333,-122.25555,23.047691389704585
7001.645812211,45.631658333,-122.25555,20.656138035779986
7002.617023422,45.631718333,-122.255461667,18.58159623708281
7002.693184411,45.631718333,-122.255461667,18.994217596672115
7002.870372829,45.631763333,-122.25539,19.23333184843117
7003.477621693,45.631763333,-122.25539,19.73079172048456
7003.655045373,45.63181,-122.255323333,21.840980653708524
7004.477568363,45.63181,-122.255323333,22.822625193564967
7004.653795452,45.631866667,-122.255258333,23.73672241319295
7005.477418308999,45.631866667,-122.255258333,25.432831281087466
7005.653628786,45.631931667,-122.255191667,24.52878950579726
7006.47760302,45.631931667,-122.255191667,24.85085433865155
7006.65382546,45.631931667,-122.255191667,25.720249496958935
7007.621136021,45.632011667,-122.255115,24.300105229646185
7007.69731501,45.632011667,-122.255115,24.589713707446048
7007.874600837,45.632081667,-122.25505,21.018574831688976
7008.46882101,45.632081667,-122.25505,17.56291578308736
7008.645014468,45.632151667,-122.255003333,16.5178130581739
7009.473803013,45.632151667,-122.255003333,15.184763449902295
7009.651067117,45.63221,-122.254981667,14.147309292443802
7010.480198611,45.63221,-122.254981667,15.031383225957022
7010.655794727,45.632276667,-122.254978333,18.620382306570615
7011.485016297,45.632276667,-122.254978333,22.288973386950275
7011.661204811,45.632276667,-122.254978333,24.858062420833647
7012.623560965,45.632363333,-122.254996667,25.93005595267053
7012.700858601,45.632363333,-122.254996667,26.14772907445588
7012.878180039,45.632466667,-122.255011667,25.9366955943152
7013.4732829469995,45.632466667,-122.255011667,26.272528329555314
7013.650299455,45.632558333,-122.254986667,26.790298413265447
7014.473958887,45.632558333,-122.254986667,24.24124010358557
7014.6511029329995,45.632631667,-122.254931667,24.104216289887656
7015.4730506920005,45.632631667,-122.254931667,21.698698682109562
7015.650138849,45.632665,-122.254845,22.835955749088725
7016.47398484,45.632665,-122.254845,23.509235094580607
7016.650183224,45.632665,-122.254845,21.267527044101517
7017.623534263,45.632665,-122.254733333,23.37844929816072
7017.699701067,45.632665,-122.254733333,21.87046848332757
7017.876983041,45.632658333,-122.254621667,21.29569599371237
7018.478913735,45.632658333,-122.254621667,22.392830066692
7018.657234075999,45.632665,-122.254518333,19.912002734899342
7019.473076079,45.632665,-122.254518333,18.72635754399182
7019.651438162,45.63269,-122.254408333,19.299233005799397
7020.473143991,45.63269,-122.254408333,20.40820487233346
7020.651453592,45.632733333,-122.2543,22.426497799777476
7021.479210436,45.632733333,-122.2543,22.30492681526774
7021.657562204,45.632733333,-122.2543,22.802841901024298
7022.617663678,45.632791667,-122.2542,25.27348884370053
7022.693787148,45.632791667,-122.2542,26.06959285096765
7022.87108103,45.632855,-122.254116667,27.234686690860133
7023.473241597,45.632855,-122.254116667,26.330512025830153
7023.651521698,45.63291,-122.25406,26.553062935345174
7024.480398466,45.63291,-122.25406,26.833513964535662
7024.65879579,45.632955,-122.254018333,26.509762779576192
7025.479246564,45.632955,-122.254018333,29.455406750780963
7025.656557131,45.633,-122.253978333,28.47022377015404
7026.473510613,45.633,-122.253978333,28.314081692587084
7026.652582966,45.633,-122.253978333,27.831791738517996
7027.623738268,45.633063333,-122.25392,26.65863501222976
7027.699915332,45.633063333,-122.25392,27.918486482588566
7027.879320597,45.633148333,-122.253845,28.82563311713925
7028.4814927200005,45.633148333,-122.253845,28.995066876684383
7028.660729834,45.633238333,-122.253766667,29.535315073155886
7029.4733502340005,45.633238333,-122.253766667,31.239545525440697
7029.652721239,45.633325,-122.253688333,30.726067084296854
7030.4704330469995,45.633325,-122.253688333,29.66226355013462
7030.649806589,45.63339,-122.253608333,30.434862374890894
7031.4732768329995,45.63339,-122.253608333,30.096050117595773
7031.6516165640005,45.63339,-122.253608333,30.002953171782515
7032.621981336,45.633438333,-122.253533333,27.939517181814804
7032.698151752,45.633438333,-122.253533333,28.19001416286349
7032.876557834999,45.633481667,-122.253458333,24.234141567210635
7033.470512263,45.633481667,-122.253458333,22.731013408977024
7033.647770886,45.633521667,-122.253366667,23.092887445319967
7034.480422154,45.633521667,-122.253366667,19.87177147518132
7034.659819622,45.633541667,-122.253273333,20.549605572940433
7035.469702371,45.633541667,-122.253273333,21.159760793506422
7035.6501196320005,45.63354,-122.25317,21.344488052834265
7036.469633966,45.63354,-122.25317,23.293158869583664
7036.648991416,45.63354,-122.25317,20.70997308887887
7037.613254913,45.633521667,-122.253056667,19.75734979157685
7037.690370675,45.633521667,-122.253056667,18.747960904515306
7037.869773181,45.633498333,-122.252936667,19.09241193307813
7038.471601188,45.633498333,-122.252936667,19.328486939612603
7038.650972971,45.63348,-122.252805,20.3273760061416
7039.473742149,45.63348,-122.252805,21.44434250644113
7039.654148707,45.633451667,-122.25267,20.22311832117211
7040.481806512,45.633451667,-122.25267,20.606608317003573
7040.662224792,45.633423333,-122.252521667,24.940024937535224
7041.481740645,45.633423333,-122.252521667,25.092774165703347
7041.6590222489995,45.633423333,-122.252521667,24.744077705371843
7042.624366151,45.633391667,-122.252371667,23.534882618137278
7042.701495359,45.633391667,-122.252371667,23.21517434689428
7042.878828519,45.633345,-122.252225,22.083151523752722
7043.471878138,45.633345,-122.252225,20.267458488450192
7043.648165746,45.633281667,-122.252085,17.81636482232453
7044.4708349600005,45.633281667,-122.252085,16.487566700355202
7044.647081049,45.633211667,-122.251948333,13.288417124413082
7045.479924597,45.633211667,-122.251948333,12.456210704313193
7045.6604102109995,45.63314,-122.251813333,10.461168236481821
7046.481008265,45.63314,-122.251813333,9.554404913936764
7046.660382067,45.63314,-122.251813333,7.650871953830284
7047.6114515,45.633068333,-122.25168,6.136721956709234
7047.688739265,45.633068333,-122.25168,6.786165892195863
7047.867037217,45.633005,-122.25156,5.923899646789426
7048.480140186,45.633005,-122.25156,5.418793455573666
7048.657375549,45.632951667,-122.251455,4.90719368221332
7049.479918094,45.632951667,-122.251455,4.548644438779412
7049.657152161,45.632901667,-122.251363333,4.962593756166047
7050.4710786529995,45.632901667,-122.251363333,6.444672201984563
7050.647335039,45.632846667,-122.251283333,5.890864250861283
7051.472171155,45.632846667,-122.251283333,5.157304690407189
7051.647317209,45.632846667,-122.251283333,6.883266665554058
7052.615520042,45.63279,-122.251213333,8.939446729664063
7052.692729028,45.63279,-122.251213333,8.840729983024907
7052.869942724,45.632725,-122.251146667,13.37525693475365
7053.4691295249995,45.632725,-122.251146667,14.885705576069073
7053.6421287699995,45.632655,-122.2511,16.859362665026318
7054.460225343,45.632655,-122.2511,19.568102345518476
7054.633205291,45.632585,-122.251055,22.19163704281927
7055.48029992,45.632585,-122.251055,23.290175758314703
7055.658594205,45.632503333,-122.251035,22.245357802883053
7056.460341870999,45.632503333,-122.251035,22.70904227830118
7056.634372872,45.632503333,-122.251035,26.398060681795968
7057.613844871,45.63242,-122.25103,26.603647913395097
7057.691108598,45.63242,-122.25103,26.694333816447244
7057.86948244,45.632325,-122.251043333,25.33947263050682
7058.4619942730005,45.632325,-122.251043333,24.435502590310826
7058.6352845599995,45.632243333,-122.251056667,19.88293062170953
7059.472430596999,45.632243333,-122.251056667,15.896485123284007
7059.649700868,45.632173333,-122.251058333,19.27679859364177
7060.472450768,45.632173333,-122.251058333,18.136964682670747
7060.648696524,45.632133333,-122.251056667,16.36697248436333
7061.479347707,45.632133333,-122.251056667,16.591738706329966
7061.656741313,45.632133333,-122.251056667,15.578621583164576
7062.621924046,45.6321,-122.25105,11.96510562278113
7062.697984867,45.6321,-122.25105,13.205893825577482
7062.876351783,45.632078333,-122.251048333,19.460913051684457
7063.479576218,45.632078333,-122.251048333,19.33620585726492
7063.65572375,45.632063333,-122.251043333,18.02397612817454
7064.475446032,45.632063333,-122.251043333,20.84109237081499
7064.654848407999,45.63205,-122.251038333,18.529990173464324
7065.470433906,45.63205,-122.251038333,19.721874243941585
7065.649861357,45.632036667,-122.251038333,20.854111634691414
7066.478559418,45.632036667,-122.251038333,22.688108250543753
7066.65595895,45.632036667,-122.251038333,22.753958126433027
7067.623064915,45.632026667,-122.251035,22.303663004784813
7067.699206682,45.632026667,-122.251035,25.504326109169952
7067.876534157,45.632005,-122.251041667,23.841829942451565
7068.474515052,45.632005,-122.251041667,23.074080265230055
7068.652835208,45.63196,-122.25104,22.724160030898872
7069.478569282,45.63196,-122.25104,22.24712806446566
7069.657930583,45.631906667,-122.251048333,22.840899530358463
7070.46367216,45.631906667,-122.251048333,22.262513496455533
7070.637797255,45.631843333,-122.251051667,22.445989161054964
7071.480785156,45.631843333,-122.251051667,22.049315367452966
7071.661110008,45.631843333,-122.251051667,23.250511581875124
7072.61333231,45.631761667,-122.251065,24.62244235074722
7072.693481525,45.631761667,-122.251065,24.059611479056187
7072.86986019,45.631651667,-122.25107,22.93182132151812
7073.471909015,45.631651667,-122.25107,20.19025767578459
7073.651300613,45.631551667,-122.251071667,20.685712437109146
7074.480870669,45.631551667,-122.251071667,19.833036851863294
7074.65708359,45.631465,-122.251053333,18.214627819021736
7075.47102075,45.631465,-122.251053333,17.37118694802912
7075.650338143,45.63139,-122.251035,15.610789346527461
7076.468946872,45.63139,-122.251035,15.871298308198597
7076.6429900210005,45.63139,-122.251035,17.22541662769645
7077.614391827,45.631326667,-122.251011667,16.105155205007172
7077.691584757,45.631326667,-122.251011667,16.335816694032427
7077.870994448,45.631266667,-122.250986667,16.624754140566797
7078.471089152,45.631266667,-122.250986667,15.329350345598161
7078.64941379,45.63119,-122.250965,16.609755853362394
7079.47117449,45.63119,-122.250965,16.161417858459014
7079.651703883,45.631123333,-122.250965,14.93735397985844
7080.47234003,45.631123333,-122.250965,15.993794777955467
7080.65153468,45.631055,-122.250981667,13.663546131410556
7081.4721664379995,45.631055,-122.250981667,14.135727569539352
7081.6516514449995,45.631055,-122.250981667,14.50017505825247
7082.624634867,45.630986667,-122.25102,15.584799350593896
7082.7018833170005,45.630986667,-122.25102,14.722275876961579
7082.880254215,45.630928333,-122.251083333,14.019129456647455
7083.481250043,45.630928333,-122.251083333,13.820344529481618
7083.659527402,45.630875,-122.251165,14.521463051492592
7084.482171338,45.630875,-122.251165,11.783919204819487
7084.659409903999,45.630853333,-122.25126,8.900079873960799
7085.481248587,45.630853333,-122.25126,7.962111695413477
7085.658548951,45.630845,-122.251361667,7.632152333214968
7086.473165695,45.630845,-122.251361667,9.809339866849557
7086.650348779,45.630845,-122.251361667,12.025300573031151
7087.623752318,45.630836667,-122.25147,11.554972776439135
7087.700912636999,45.630836667,-122.25147,11.170689379407353
7087.878188092,45.630821667,-122.251581667,10.596528671957877
7088.483080663,45.630821667,-122.251581667,11.128129645779332
7088.661410912,45.63081,-122.25169,11.863999116698766
7089.476392069,45.63081,-122.25169,12.000761041991547
7089.654706484,45.630796667,-122.251785,8.680805433833896
7090.483354878,45.630796667,-122.251785,9.26313129045128
7090.661685442,45.630768333,-122.251868333,13.598976087105891
7091.476430707,45.630768333,-122.251868333,15.942677569479972
7091.654737455,45.630768333,-122.251868333,20.008599296234134
7092.6249314100005,45.630726667,-122.251938333,19.212740957552455
7092.702205842,45.630726667,-122.251938333,18.849908381986648
7092.879518224,45.63067,-122.25199,19.46202438234414
7093.473542135,45.63067,-122.25199,20.288084886491912
7093.650667977,45.630611667,-122.252031667,23.26177763888859
7094.477573328,45.630611667,-122.252031667,23.696205062512497
7094.653741286,45.630555,-122.25206,22.319929604222175
7095.482548238,45.630555,-122.25206,20.655185010638252
7095.6587774750005,45.6305,-122.252083333,16.761163693923194
7096.476456097,45.6305,-122.252083333,10.982598360454134
7096.652697611,45.6305,-122.252083333,11.070191012848992
7097.626080354,45.630448333,-122.252101667,13.385870578626843
7097.703253506,45.630448333,-122.252101667,14.543630125271608
7097.880648519,45.630398333,-122.25212,15.510220834249159
7098.482661473,45.630398333,-122.25212,16.663404389314692
7098.658885766,45.63035,-122.252141667,17.6806897324395
7099.476700353,45.63035,-122.252141667,18.718239390485312
7099.65401442,45.630305,-122.252158333,20.433757714033412
7100.477937338,45.630305,-122.252158333,21.82123862353347
7100.6552170899995,45.630276667,-122.252173333,23.742941143645705
7101.4826214469995,45.630276667,-122.252173333,23.19779404001611
7101.659850698999,45.630276667,-122.252173333,15.797631768436279
7102.619203124,45.630246667,-122.252191667,11.26467323994439
7102.695338576,45.630246667,-122.252191667,13.217515849595028
7102.871583516,45.630211667,-122.25221,15.526956225974955
7103.472845292999,45.630211667,-122.25221,17.451934809553126
7103.6500823040005,45.630175,-122.252231667,19.438412177815724
7104.481786354,45.630175,-122.252231667,22.058309359882998
7104.6602207529995,45.630138333,-122.25225,22.404285779467152
7105.482827984,45.630138333,-122.25225,24.610338980842442
7105.660142219,45.630105,-122.252265,25.260264798941446
7106.483922115,45.630105,-122.252265,25.743874712737224
7106.6601737969995,45.630105,-122.252265,26.615405448940045
7107.618446873,45.630056667,-122.252285,29.765810413291202
7107.695614451,45.630056667,-122.252285,29.406253769613695
7107.873943126,45.629986667,-122.252315,28.139243511733596
7108.477968073,45.629986667,-122.252315,27.074304708470788
7108.655220584,45.629906667,-122.252341667,28.810838838774924
7109.483998628,45.629906667,-122.252341667,28.06939182086967
7109.662330211,45.629818333,-122.252363333,27.22289107984283
7110.481920509,45.629818333,-122.252363333,27.81677190165597
7110.661340663,45.629733333,-122.252381667,23.333546506003405
7111.483976432,45.629733333,-122.252381667,21.265087162506894
7111.662431164,45.629733333,-122.252381667,20.892008984725823
7112.62872108,45.62967,-122.252395,21.720724742658028
7112.706046864,45.62967,-122.252395,21.581776617656374
7112.883322023999,45.629625,-122.252408333,22.513173803760942
7113.483220225,45.629625,-122.252408333,22.67031830680312
7113.660446328,45.629571667,-122.252426667,23.649458876534997
7114.4763107750005,45.629571667,-122.252426667,24.890179477446615
7114.652510178,45.629508333,-122.252448333,22.220030304459858
7115.474172451,45.629508333,-122.252448333,23.132682432846238
7115.651410906999,45.629431667,-122.252473333,21.697780677073844
7116.484292289,45.629431667,-122.252473333,21.227239929254782
7116.66153267,45.629431667,-122.252473333,19.60055277374464
7117.626675014,45.629355,-122.252493333,19.104782309818464
7117.703817703,45.629355,-122.252493333,19.110612985159293
7117.880116274,45.629295,-122.252501667,19.541774239052778
7118.485323516,45.629295,-122.252501667,19.121322063134734
7118.66150953,45.629238333,-122.25251,20.190112121699443
7119.476377647,45.629238333,-122.25251,22.40337288476442
7119.654643044,45.629175,-122.252528333,22.12474741510925
7120.474294121,45.629175,-122.252528333,22.634738419321877
7120.652639833,45.629095,-122.25255,23.450387238198186
7121.476468823,45.629095,-122.25255,23.85319554006776
7121.654836351,45.629095,-122.25255,22.805121784111613
7122.619832118,45.629003333,-122.252578333,21.82745233594049
7122.697125364,45.629003333,-122.252578333,20.57808139393511
7122.874321745,45.628905,-122.252606667,20.623473090609817
7123.477497716,45.628905,-122.252606667,18.028086396607456
7123.655773705,45.628803333,-122.252635,18.075185889415362
7124.479666141,45.628803333,-122.252635,19.128579247549435
7124.657990649,45.6287,-122.252665,20.825020895940177
7125.483626907,45.6287,-122.252665,20.794176887019763
7125.66195973,45.628615,-122.252675,18.885965543659317
7126.482487171,45.628615,-122.252675,18.2956022739678
7126.658697019,45.628615,-122.252675,11.11951763318578
7127.625020417,45.628546667,-122.252658333,6.509924562101098
7127.702116809,45.628546667,-122.252658333,7.529387513374855
7127.878477307,45.628471667,-122.25263,10.509866967210264
7128.4776214230005,45.628471667,-122.25263,10.934319730236977
7128.653853308,45.628391667,-122.25261,12.947904955892644
7129.478571014,45.628391667,-122.25261,11.341615810614442
7129.654814325,45.628311667,-122.252581667,9.36050031407978
7130.485734475,45.628311667,-122.252581667,11.267662013915073
7130.662968708,45.62825,-122.252521667,10.355460268744881
7131.478677264,45.62825,-122.252521667,11.397794580321682
7131.654904909,45.62825,-122.252521667,8.436354772267896
7132.628285596,45.628226667,-122.252435,8.565857911110939
7132.704527512,45.628226667,-122.252435,9.215073818540194
7132.8816772810005,45.628263333,-122.252376667,11.875610103225139
7133.484858178,45.628263333,-122.252376667,13.953226367379617
7133.662088929,45.628328333,-122.252361667,11.242294126567488
7134.478669128,45.628328333,-122.252361667,9.021257063050227
7134.654965514,45.628406667,-122.252363333,9.045065177166178
7135.484878352,45.628406667,-122.252363333,9.53906208508069
7135.661076978,45.628491667,-122.252361667,8.54319661008714
7136.478768785,45.628491667,-122.252361667,10.996452577477115
7136.65614102,45.628491667,-122.252361667,11.04522213018609
7137.627433787,45.628578333,-122.252363333,10.19841715124874
7137.704642699,45.628578333,-122.252363333,10.698544456121919
7137.881850043,45.628668333,-122.25236,10.998258467357235
7138.475856213,45.628668333,-122.25236,9.084458178970868
7138.653118428,45.628755,-122.25235,6.9326291110406775
7139.48398654,45.628755,-122.25235,11.066164280393647
7139.661233236,45.628831667,-122.252343333,12.26265136292973
7140.47591511,45.628831667,-122.252343333,13.062353397160479
7140.654243119,45.628908333,-122.252323333,15.562469407728397
7141.476854424,45.628908333,-122.252323333,17.780874357541542
7141.655173044,45.628908333,-122.252323333,19.226208747280115
7142.621659666,45.62897,-122.2523,18.2164980734968
7142.697809285,45.62897,-122.2523,18.197532418761362
7142.875091074,45.629006667,-122.252281667,17.87522879973746
7143.476090199,45.629006667,-122.252281667,16.164082411702392
7143.653268709,45.629031667,-122.252265,14.22075764460102
7144.47611311,45.629031667,-122.252265,11.284734806285867
7144.652230068,45.629058333,-122.252245,11.118049910515273
7145.477028035,45.629058333,-122.252245,16.127695872360352
7145.654307602,45.629081667,-122.252223333,15.255725085898955
7146.483123647,45.629081667,-122.252223333,15.963124452870169
7146.662457892,45.629081667,-122.252223333,17.11408643754028
7147.627700534,45.629105,-122.252206667,18.579789445921655
7147.70287736,45.629105,-122.252206667,18.543937005527983
7147.881173330999,45.62913,-122.252193333,18.754765400430863
7148.485340354,45.62913,-122.252193333,18.600425852860234
7148.664809989999,45.629146667,-122.252175,19.577170423896984
7149.4762664459995,45.629146667,-122.252175,20.941338642993873
7149.65245396,45.629158333,-122.252143333,19.341619371048456
7150.475269195,45.629158333,-122.252143333,17.795176077019303
7150.6522589609995,45.629166667,-122.252103333,17.93114050307689
7151.482290987,45.629166667,-122.252103333,17.76066691268099
7151.657461394,45.629166667,-122.252103333,17.944302082393776
7152.62090286,45.62917,-122.252061667,18.73447856610381
7152.695905684,45.62917,-122.252061667,18.962161504161678
7152.873179436,45.62916,-122.252016667,19.30330346435273
7153.478283566,45.62916,-122.252016667,17.574650309632368
7153.65455547,45.629145,-122.25197,19.77150710344876
7154.48660997,45.629145,-122.25197,22.04841152353711
7154.6627707610005,45.629125,-122.251943333,20.258575615063272
7155.48441396,45.629125,-122.251943333,20.054591874896207
7155.660604974,45.629088333,-122.25193,20.54139222157705
7156.484536669,45.629088333,-122.25193,20.83337006996278
7156.660714942,45.629088333,-122.25193,17.855471469233784
7157.621071234,45.629025,-122.25193,18.639413554239844
7157.698173904,45.629025,-122.25193,18.90485824110654
7157.874358917,45.628951667,-122.251933333,18.52039883061506
7158.4856073030005,45.628951667,-122.251933333,18.217076801613146
7158.662844259,45.628888333,-122.251936667,17.470587603632097
7159.478615594,45.628888333,-122.251936667,15.56184049271829
7159.655861364,45.628835,-122.251946667,16.681162882655283
7160.479823615,45.628835,-122.251946667,18.312828557628865
7160.657087812,45.628793333,-122.251955,18.784679329024843
7161.4845856150005,45.628793333,-122.251955,18.734903693435847
7161.661834959,45.628793333,-122.251955,20.232509493134078
7162.6203862620005,45.628741667,-122.251955,22.038554036053963
7162.697596692,45.628741667,-122.251955,23.073322953383514
7162.874903741,45.628681667,-122.251943333,23.84155815775744
7163.478733629,45.628681667,-122.251943333,24.01747051712261
7163.656054993,45.628615,-122.251931667,23.138388417796737
7164.478508278,45.628615,-122.251931667,21.73884917458296
7164.656844694,45.628541667,-122.251918333,18.19196875112047
7165.478591246,45.628541667,-122.251918333,15.741327751688353
7165.656967903,45.628475,-122.251913333,22.028378964894248
7166.47983299,45.628475,-122.251913333,20.40122842380772
7166.657058408,45.628475,-122.251913333,23.063468961696987
7167.628320508,45.628413333,-122.251908333,20.81423417653125
7167.705446697,45.628413333,-122.251908333,21.251831910308
7167.882813784,45.628355,-122.2519,21.07617041213086
7168.482814986,45.628355,-122.2519,19.60556446944761
7168.661206236,45.628291667,-122.251888333,16.772747330672487
7169.485862924,45.628291667,-122.251888333,14.808723694827632
7169.663123527,45.628223333,-122.251878333,11.855476995114543
7170.478996678,45.628223333,-122.251878333,8.647133536435753
7170.657308427,45.628151667,-122.251865,6.98316112140012
7171.473097466,45.628151667,-122.251865,10.599880491823583
7171.650361014,45.628151667,-122.251865,11.969800958745562
7172.629630825,45.62808,-122.251843333,12.664014041905826
7172.706718902,45.62808,-122.251843333,12.140250373594178
7172.885136485,45.628021667,-122.251803333,9.458523170315177
7173.479079302,45.628021667,-122.251803333,7.200509182567209
7173.65530828,45.62799,-122.25174,5.689050631681521
7174.478102143999,45.62799,-122.25174,6.442599432209698
7174.658512016,45.628028333,-122.251703333,6.685230015015431
7175.483117369,45.628028333,-122.251703333,10.090883510408737
7175.662453688999,45.62809,-122.2517,9.190654303882846
7176.485227219,45.62809,-122.2517,11.029187523611508
7176.664622206,45.62809,-122.2517,9.346351456127104
7177.628747238,45.628161667,-122.251703333,9.185983487323321
7177.705836315,45.628161667,-122.251703333,10.54504691181307
7177.885294099,45.628248333,-122.251706667,11.980064922154178
7178.479220509,45.628248333,-122.251706667,11.511075512663567
7178.6586542370005,45.628341667,-122.251711667,13.479255476788868
7179.486263246,45.628341667,-122.251711667,15.48806454955864
7179.664595699,45.62843,-122.251716667,17.094638635624086
7180.479292184,45.62843,-122.251716667,18.99704374679035
7180.657621915,45.6285,-122.251721667,18.792370584668873
7181.479261151,45.6285,-122.251721667,16.29781220938008
7181.656577922,45.6285,-122.251721667,15.657976331188946
7182.622898449,45.62857,-122.251731667,14.904521074514973
7182.699987748,45.62857,-122.251731667,15.28696842080432
7182.878350202,45.62865,-122.251748333,18.274728211354233
7183.486324355,45.62865,-122.251748333,16.663421714931896
7183.664776198,45.628726667,-122.25176,19.5445939811477
7184.481753995,45.628726667,-122.25176,19.55319635525912
7184.658978746,45.628786667,-122.251758333,19.191768532209345
7185.475384535,45.628786667,-122.251758333,20.114281817710143
7185.652725788,45.628825,-122.251746667,20.00621342207729
7186.474410117,45.628825,-122.251746667,17.034983003132226
7186.651675573,45.628825,-122.251746667,17.586002397622536
7187.616831694,45.628851667,-122.251721667,18.89045702956428
7187.69182874,45.628851667,-122.251721667,18.164927848883273
7187.870117507,45.628883333,-122.251688333,18.09581599913317
7188.483222143,45.628883333,-122.251688333,18.80201937872069
7188.662598167,45.628905,-122.25166,17.026388666040795
7189.47644551,45.628905,-122.25166,15.431920909235426
7189.656858883,45.628916667,-122.251635,15.768706272864911
7190.478394969,45.628916667,-122.251635,14.701482436225781
7190.65786416,45.628926667,-122.251601667,16.714717035315747
7191.482454051,45.628926667,-122.251601667,17.388733693632485
7191.659710006,45.628926667,-122.251601667,18.380839287827136
7192.626985789,45.628946667,-122.251561667,18.66753534992214
7192.702130578,45.628946667,-122.251561667,18.198939167986577
7192.881483434,45.628963333,-122.251518333,19.742252692075652
7193.483531611,45.628963333,-122.251518333,19.6200842029418
7193.660793733,45.628981667,-122.251463333,20.535210969938355
7194.483593542,45.628981667,-122.251463333,21.665693654906562
7194.6608574229995,45.629,-122.251396667,20.974571746398677
7195.477637014,45.629,-122.251396667,20.228212500369487
7195.654860673,45.62902,-122.251318333,19.777441231535665
7196.486728781,45.62902,-122.251318333,19.53841615238741
7196.663967106,45.62902,-122.251318333,18.739870603056747
7197.62225472,45.629043333,-122.251233333,19.463566909454567
7197.6984276349995,45.629043333,-122.251233333,19.79654474783962
7197.875661442,45.629063333,-122.25116,20.06603216646489
7198.48175016,45.629063333,-122.25116,20.43134074924537
7198.659007986,45.62908,-122.251083333,20.857469054028915
7199.475808687,45.62908,-122.251083333,21.617239466034068
7199.65306805,45.629081667,-122.250998333,21.557051289717837
7200.484816768,45.629081667,-122.250998333,19.587781410360137
7200.660968263,45.62905,-122.250918333,19.117521455488156
7201.478045006,45.62905,-122.250918333,18.87132653793753
7201.655336850999,45.62905,-122.250918333,19.61836415115242
7202.620398008,45.629006667,-122.25085,19.071224006853203
7202.697513104,45.629006667,-122.25085,19.009666758341602
7202.87366121,45.628986667,-122.250785,20.73186570869171
7203.476980924,45.628986667,-122.250785,21.289614461255898
7203.653199308,45.628995,-122.250723333,22.14776985428176
7204.482944015,45.628995,-122.250723333,20.913249258140258
7204.660216675,45.629028333,-122.250691667,20.946903877199492
7205.481933023,45.629028333,-122.250691667,19.2680890989949
7205.659184849,45.629075,-122.250696667,15.393978977259977
7206.478105915,45.629075,-122.250696667,9.136774658260734
7206.655336981,45.629075,-122.250696667,9.96974167625214
7207.620138597,45.629131667,-122.250736667,13.591921334740697
7207.697433881,45.629131667,-122.250736667,14.206251989368251
7207.875762982,45.62918,-122.250801667,13.080605631626288
7208.478081366,45.62918,-122.250801667,15.043014700311224
7208.657355092,45.629211667,-122.250891667,18.004607381880504
7209.478327633,45.629211667,-122.250891667,17.576757013496394
7209.655482884,45.629238333,-122.250988333,17.426342920146592
7210.478296099,45.629238333,-122.250988333,19.837182560502026
7210.656717517,45.629281667,-122.251061667,19.10862961995398
7211.477299218,45.629281667,-122.251061667,19.24034738912537
7211.655577133,45.629281667,-122.251061667,19.769600106614888
7212.620246618,45.629341667,-122.2511,19.313814148770813
7212.69761081,45.629341667,-122.2511,19.923408519675213
7212.875870632,45.629413333,-122.251113333,20.756026431219603
7213.4853979380005,45.629413333,-122.251113333,21.563679159408363
7213.663665371,45.629485,-122.25112,21.323840895923787
7214.488663823,45.629485,-122.25112,21.794250783183916
7214.667061425,45.629556667,-122.251121667,21.910931141547238
7215.485376482,45.629556667,-122.251121667,23.288606057396418
7215.663671731,45.629625,-122.251101667,24.81124514143133
7216.476638154,45.629625,-122.251101667,25.77710864414723
7216.6558005629995,45.629625,-122.251101667,24.60012045304473
7217.621404043,45.629648333,-122.251035,24.809992386396708
7217.697711201,45.629648333,-122.251035,23.934636516282954
7217.875892485,45.629626667,-122.250938333,25.325713080743064
7218.486857571,45.629626667,-122.250938333,27.24442104549052
7218.663824763,45.629583333,-122.250836667,25.346032280953974
7219.479497707,45.629583333,-122.250836667,25.506007849079463
7219.65566548,45.629538333,-122.250738333,23.445246923564696
7220.482938169,45.629538333,-122.250738333,22.339188153977627
7220.658060203999,45.629505,-122.25065,22.415404707849287
7221.478714295999,45.629505,-122.25065,22.183647494870023
7221.6538283499995,45.629505,-122.25065,18.455229974041664
7222.622567894,45.629486667,-122.250588333,16.72942050354183
7222.698968609,45.629486667,-122.250588333,16.84245133699931
7222.874070885,45.629473333,-122.250545,13.27861732164525
7223.4845777049995,45.629473333,-122.250545,10.889919667398614
7223.659684332,45.629468333,-122.250493333,10.928237553441399
7224.471441312,45.629468333,-122.250493333,10.447416756739287
7224.642388971,45.629481667,-122.250425,9.159049222156339
7225.463476532,45.629481667,-122.250425,10.259170107157367
7225.63436919,45.62952,-122.250356667,12.383464030736068
7226.473594925,45.62952,-122.250356667,16.2770724025192
7226.644513899,45.62952,-122.250356667,16.309235986430128
7227.611666661,45.629576667,-122.250296667,13.661059525187214
7227.6881248770005,45.629576667,-122.250296667,14.539241158888231
7227.86506279,45.629648333,-122.250245,15.221816548448176
7228.475797243,45.629648333,-122.250245,15.070481649932288
7228.653077088,45.629728333,-122.25021,15.282439879164325
7229.4779796679995,45.629728333,-122.25021,16.190194753659654
7229.654116181,45.629806667,-122.250188333,16.411753013944367
7230.47412693,45.629806667,-122.250188333,17.44274530219041
7230.6499346420005,45.629886667,-122.250183333,17.345082710667196
7231.477153126,45.629886667,-122.250183333,17.922543619300985
7231.653126081,45.629886667,-122.250183333,16.831018447882908
7232.615026859,45.629963333,-122.250193333,16.810265223400894
7232.690330169,45.629963333,-122.250193333,17.019884958773407
7232.866417181,45.630048333,-122.2502,16.64519084396703
7233.487970552,45.630048333,-122.2502,17.585710504918485
7233.665203322,45.630141667,-122.250206667,17.71137568880734
7234.485865506,45.630141667,-122.250206667,17.27744318604524
7234.664245793,45.630231667,-122.250216667,16.93532089089832
7235.486024124,45.630231667,-122.250216667,16.395628020174723
7235.664319743,45.630318333,-122.250221667,17.482707627129994
7236.484975649,45.630318333,-122.250221667,17.776688488426107
7236.662234085999,45.630318333,-122.250221667,18.04344499524967
7237.612206652,45.630396667,-122.250228333,18.19102610859546
7237.689575955,45.630396667,-122.250228333,18.40276048684811
7237.865487835,45.63046,-122.250233333,17.593375008646838
7238.477039207,45.63046,-122.250233333,20.031712280337665
7238.653257462,45.630508333,-122.250235,18.067339255787363
7239.480141145,45.630508333,-122.250235,17.185963446720425
7239.656345178,45.630541667,-122.250235,18.413922216057394
7240.47308299,45.630541667,-122.250235,20.61989074507528
7240.649228188,45.630571667,-122.250236667,18.00351014915319
7241.481114204,45.630571667,-122.250236667,16.870133425772554
7241.657243662,45.630571667,-122.250236667,16.820857682266936
7242.612231801,45.630601667,-122.250236667,18.48347357863843
7242.6863904639995,45.630601667,-122.250236667,17.998710497634193
7242.862520329,45.630631667,-122.250243333,19.008189112313612
7243.484176127,45.630631667,-122.250243333,20.402296836868366
7243.660411142,45.630663333,-122.250266667,20.911964829003786
7244.476267645,45.630663333,-122.250266667,20.248759747696848
7244.652472103,45.6307,-122.250295,20.117851182986517
7245.484321989,45.6307,-122.250295,18.573579058489173
7245.66156024,45.630743333,-122.250321667,19.15954068080503
7246.47536612,45.630743333,-122.250321667,19.03977449401048
7246.6526887069995,45.630743333,-122.250321667,19.61009747788957
7247.616537513,45.630786667,-122.25035,18.006981054260624
7247.692748095,45.630786667,-122.25035,18.241319960240077
7247.8709913620005,45.63083,-122.25037,17.89310496610943
7248.477403917,45.63083,-122.25037,18.945069205273622
7248.655685388,45.630875,-122.250385,17.779918051991515
7249.478467585,45.630875,-122.250385,16.80539244243061
7249.656815927,45.630921667,-122.25041,17.93177122827633
7250.476596117,45.630921667,-122.25041,20.415346671749575
7250.65491744,45.63097,-122.250435,20.158273849548586
7251.480520178,45.63097,-122.250435,20.177658492286128
7251.657777541,45.63097,-122.250435,21.11324876881714
7252.608707065,45.631021667,-122.25046,20.51503966816619
7252.685984496,45.631021667,-122.25046,20.28018704188621
7252.8630387640005,45.631075,-122.250493333,21.16725337263428
7253.477735701,45.631075,-122.250493333,21.72380356982248
7253.654696985,45.631128333,-122.250523333,20.661456521603917
7254.487527348,45.631128333,-122.250523333,19.25499793102941
7254.665827134,45.631185,-122.25054,20.606831614604655
7255.4876935209995,45.631185,-122.25054,21.228635218959926
7255.666033067,45.631243333,-122.250558333,20.041503939893733
7256.487714248,45.631243333,-122.250558333,20.233096014337498
7256.666066034,45.631243333,-122.250558333,19.73264691848647
7257.616821259,45.631301667,-122.250573333,20.128108391807597
7257.694080005,45.631301667,-122.250573333,19.858053393930305
7257.87344238,45.631346667,-122.250576667,20.47056948299848
7258.477708644999,45.631346667,-122.250576667,20.06480391667862
7258.657064428,45.6314,-122.250586667,19.975036986016985
7259.478879129,45.6314,-122.250586667,20.622241407070735
7259.658236671,45.631455,-122.250606667,21.674729270405514
7260.487796838,45.631455,-122.250606667,22.66234014124401
7260.665106257,45.631515,-122.250626667,22.005410688095488
7261.47888947,45.631515,-122.250626667,22.48718653300258
7261.656254557,45.631515,-122.250626667,19.81909062312146
7262.631364121,45.631573333,-122.250636667,19.491936865660914
7262.708537662,45.631573333,-122.250636667,19.79002498130619
7262.88590236,45.631631667,-122.250646667,21.371104851618437
7263.477916723,45.631631667,-122.250646667,21.769866057013854
7263.656332529,45.631685,-122.250653333,21.68683839177519
7264.486946545,45.631685,-122.250653333,21.00934596210213
7264.665299165,45.63174,-122.250646667,19.2790666784432
7265.475886534,45.63174,-122.250646667,17.255896605979967
7265.654236247,45.631808333,-122.25064,16.73730977958571
7266.483832043999,45.631808333,-122.25064,17.508967276251013
7266.662157626,45.631808333,-122.25064,17.712453602470127
7267.618616379,45.631875,-122.250633333,17.037292274675476
7267.69368926,45.631875,-122.250633333,16.893131609621452
7267.870903252,45.631943333,-122.250641667,17.065507022168326
7268.487111414,45.631943333,-122.250641667,16.27954263480331
7268.664312869,45.63201,-122.250658333,17.14005007953303
7269.476260907,45.63201,-122.250658333,18.3392082536168
7269.653530122,45.632073333,-122.250671667,16.633572234904825
7270.475332619,45.632073333,-122.250671667,15.816184138337215
7270.653662924,45.63214,-122.250665,12.287892651090976
7271.474145106,45.63214,-122.250665,11.5371273382216
7271.651484637,45.63214,-122.250665,10.484156952805856
7272.619868732,45.632198333,-122.250663333,10.272460898721205
7272.694966315999,45.632198333,-122.250663333,8.923749720481158
7272.87329175,45.632251667,-122.250668333,6.884605197059672
7273.475077979,45.632251667,-122.250668333,5.332099608219485
7273.653405154,45.632311667,-122.250683333,5.0914291317845946
7274.476188684,45.632311667,-122.250683333,5.340845412604873
7274.653424084,45.63238,-122.250688333,5.930515780395845
7275.4783760909995,45.63238,-122.250688333,6.486014521355829
7275.655678714,45.63245,-122.250731667,6.684142162596452
7276.487330522,45.63245,-122.250731667,7.787781950665708
7276.663545777,45.63245,-122.250731667,8.754902855439026
7277.628952236,45.632505,-122.25077,9.24293785944816
7277.7060821840005,45.632505,-122.25077,8.934912038122336
7277.884453082,45.632556667,-122.250818333,10.459609465782691
7278.485615116,45.632556667,-122.250818333,10.961089005201778
7278.664319759,45.63262,-122.250861667,11.733002358771305
7279.477522964,45.63262,-122.250861667,12.884279548541086
7279.655816861,45.632673333,-122.25091,11.0307687831503
7280.479502645,45.632673333,-122.25091,10.695418823591636
7280.657845394,45.632723333,-122.250978333,11.207702035407813
7281.485501792,45.632723333,-122.250978333,11.503814796511213
7281.663840671,45.632723333,-122.250978333,12.30783440263109
7282.621047417,45.63277,-122.251043333,13.97723534348651
7282.698170661,45.63277,-122.251043333,13.565294178687362
7282.87755624,45.632815,-122.25109,15.032026248184973
7283.485611487,45.632815,-122.25109,15.118737480324079
7283.6649430649995,45.632863333,-122.251101667,15.966487088500713
7284.486590024,45.632863333,-122.251101667,16.58519488821605
7284.665954473,45.632906667,-122.25111,18.190701728271975
7285.477568858,45.632906667,-122.25111,17.35368580207649
7285.656892399,45.63295,-122.251121667,16.525859701731193
7286.485617091,45.63295,-122.251121667,15.080291133229414
7286.663909987999,45.63295,-122.251121667,15.614272155320728
7287.629225852,45.632986667,-122.251133333,15.563874395788487
7287.705408971,45.632986667,-122.251133333,15.383068999246325
7287.8837155910005,45.633018333,-122.251158333,15.473334481602418
7288.476914471,45.633018333,-122.251158333,16.04565719797803
7288.655218849,45.63304,-122.251185,15.583878595293337
7289.485663418,45.63304,-122.251185,16.3220989708103
